7.534027099609375e-05
5.9604644775390625e-05
7.390975952148438e-05
5.3882598876953125e-05
5.841255187988281e-05
5.8650970458984375e-05
7.176399230957031e-05
8.893013000488281e-05
0.00010991096496582031
7.295608520507812e-05
7.05718994140625e-05
7.104873657226562e-05
7.05718994140625e-05
6.67572021484375e-05
5.2928924560546875e-05
5.2928924560546875e-05
5.316734313964844e-05
6.67572021484375e-05
6.699562072753906e-05
5.269050598144531e-05
6.651878356933594e-05
6.747245788574219e-05
5.316734313964844e-05
5.2928924560546875e-05
6.651878356933594e-05
5.507469177246094e-05
6.794929504394531e-05
6.67572021484375e-05
5.2928924560546875e-05
6.651878356933594e-05
5.245208740234375e-05
5.435943603515625e-05
6.723403930664062e-05
6.771087646484375e-05
7.295608520507812e-05
5.650520324707031e-05
9.417533874511719e-05
7.43865966796875e-05
7.486343383789062e-05
7.700920104980469e-05
7.367134094238281e-05
0.00010967254638671875
7.033348083496094e-05
9.298324584960938e-05
7.343292236328125e-05
5.507469177246094e-05
6.747245788574219e-05
5.626678466796875e-05
8.463859558105469e-05
6.532669067382812e-05
5.364418029785156e-05
5.412101745605469e-05
7.987022399902344e-05
5.340576171875e-05
8.082389831542969e-05
5.340576171875e-05
5.4836273193359375e-05
6.866455078125e-05
5.316734313964844e-05
8.058547973632812e-05
6.771087646484375e-05
5.841255187988281e-05
5.340576171875e-05
5.412101745605469e-05
7.677078247070312e-05
5.6743621826171875e-05
5.5789947509765625e-05
9.298324584960938e-05
7.176399230957031e-05
5.3882598876953125e-05
6.771087646484375e-05
5.412101745605469e-05
6.794929504394531e-05
5.459785461425781e-05
5.3882598876953125e-05
5.364418029785156e-05
5.412101745605469e-05
5.412101745605469e-05
5.316734313964844e-05
6.723403930664062e-05
5.364418029785156e-05
5.364418029785156e-05
5.3882598876953125e-05
5.412101745605469e-05
5.364418029785156e-05
5.459785461425781e-05
5.364418029785156e-05
5.3882598876953125e-05
5.412101745605469e-05
5.459785461425781e-05
5.435943603515625e-05
5.4836273193359375e-05
5.3882598876953125e-05
5.412101745605469e-05
5.3882598876953125e-05
0.00011968612670898438
5.555152893066406e-05
5.602836608886719e-05
5.698204040527344e-05
5.316734313964844e-05
5.412101745605469e-05
5.340576171875e-05
7.128715515136719e-05
7.867813110351562e-05
6.699562072753906e-05
5.340576171875e-05
5.340576171875e-05
6.67572021484375e-05
6.771087646484375e-05
5.3882598876953125e-05
5.507469177246094e-05
5.2928924560546875e-05
5.2928924560546875e-05
5.2928924560546875e-05
8.153915405273438e-05
5.2928924560546875e-05
6.794929504394531e-05
5.3882598876953125e-05
5.364418029785156e-05
6.723403930664062e-05
5.435943603515625e-05
6.723403930664062e-05
6.771087646484375e-05
6.818771362304688e-05
6.747245788574219e-05
5.435943603515625e-05
6.67572021484375e-05
5.3882598876953125e-05
7.224082946777344e-05
7.319450378417969e-05
7.176399230957031e-05
7.224082946777344e-05
5.340576171875e-05
5.412101745605469e-05
5.435943603515625e-05
5.412101745605469e-05
5.412101745605469e-05
5.412101745605469e-05
6.771087646484375e-05
6.794929504394531e-05
5.3882598876953125e-05
5.340576171875e-05
6.794929504394531e-05
5.3882598876953125e-05
5.3882598876953125e-05
6.628036499023438e-05
5.412101745605469e-05
6.818771362304688e-05
6.67572021484375e-05
5.316734313964844e-05
6.723403930664062e-05
5.412101745605469e-05
5.3882598876953125e-05
6.747245788574219e-05
8.606910705566406e-05
5.340576171875e-05
6.699562072753906e-05
5.221366882324219e-05
8.440017700195312e-05
5.650520324707031e-05
5.364418029785156e-05
5.555152893066406e-05
5.316734313964844e-05
7.152557373046875e-05
5.221366882324219e-05
5.412101745605469e-05
5.3882598876953125e-05
5.3882598876953125e-05
5.412101745605469e-05
5.435943603515625e-05
5.340576171875e-05
6.723403930664062e-05
5.340576171875e-05
6.747245788574219e-05
6.794929504394531e-05
5.364418029785156e-05
6.794929504394531e-05
8.296966552734375e-05
5.316734313964844e-05
6.699562072753906e-05
5.364418029785156e-05
5.364418029785156e-05
5.3882598876953125e-05
6.699562072753906e-05
5.412101745605469e-05
5.3882598876953125e-05
5.3882598876953125e-05
5.340576171875e-05
6.699562072753906e-05
5.459785461425781e-05
5.507469177246094e-05
5.793571472167969e-05
8.821487426757812e-05
8.893013000488281e-05
8.630752563476562e-05
5.316734313964844e-05
5.316734313964844e-05
5.316734313964844e-05
6.67572021484375e-05
5.364418029785156e-05
