0.0007617473602294922
0.0007765293121337891
0.0005743503570556641
0.000591278076171875
0.0005960464477539062
0.0006947517395019531
0.0006029605865478516
0.0005631446838378906
0.0006349086761474609
0.0005793571472167969
0.0008180141448974609
0.0006368160247802734
0.000583648681640625
0.0005800724029541016
0.0005784034729003906
0.0005843639373779297
0.0005817413330078125
0.0006301403045654297
0.0006206035614013672
0.0006589889526367188
0.0005767345428466797
0.0005803108215332031
0.0005781650543212891
0.0005803108215332031
0.0005841255187988281
0.0005834102630615234
0.0006618499755859375
0.0005784034729003906
0.0008904933929443359
0.0005781650543212891
0.0006308555603027344
0.0005767345428466797
0.0005786418914794922
0.0005741119384765625
0.0005815029144287109
0.0006279945373535156
0.0005860328674316406
0.0007765293121337891
0.0006234645843505859
0.0006628036499023438
0.0005762577056884766
0.0005824565887451172
0.0005791187286376953
0.0005805492401123047
0.0006606578826904297
0.0005812644958496094
0.0007011890411376953
0.0006005764007568359
0.0005736351013183594
0.0005753040313720703
0.0005817413330078125
0.0005779266357421875
0.0005736351013183594
0.0006282329559326172
0.0005786418914794922
0.0006434917449951172
0.0006277561187744141
0.0005784034729003906
0.0005688667297363281
0.0005748271942138672
0.0005753040313720703
0.0005803108215332031
0.0005807876586914062
0.0005803108215332031
0.0006434917449951172
0.0006182193756103516
0.0005869865417480469
0.0005803108215332031
0.0005757808685302734
0.0005717277526855469
0.0005896091461181641
0.0005767345428466797
0.0006585121154785156
0.0005841255187988281
0.0006225109100341797
0.0005762577056884766
0.0005846023559570312
0.0005791187286376953
0.0005831718444824219
0.0005865097045898438
0.0005774497985839844
0.0007343292236328125
0.0005786418914794922
0.000919342041015625
0.0005915164947509766
0.0005939006805419922
0.0005764961242675781
0.0005755424499511719
0.0005791187286376953
0.0005779266357421875
0.0007004737854003906
0.0005800724029541016
0.000885009765625
0.000606536865234375
0.0005779266357421875
0.0005731582641601562
0.0005936622619628906
0.0006511211395263672
0.0005791187286376953
0.0006587505340576172
0.0005779266357421875
0.0006909370422363281
0.0008099079132080078
0.0005750656127929688
0.0005853176116943359
0.0005769729614257812
0.0005710124969482422
0.0006201267242431641
0.0006701946258544922
0.0006098747253417969
0.00064849853515625
0.0005977153778076172
0.0005755424499511719
0.0005803108215332031
0.0005795955657958984
0.0005772113800048828
0.000583648681640625
0.0006840229034423828
0.0005843639373779297
0.0008912086486816406
0.0006437301635742188
0.0005714893341064453
0.0006272792816162109
0.0005795955657958984
0.0005898475646972656
0.0005822181701660156
0.0007028579711914062
0.0005762577056884766
0.0008840560913085938
0.0005807876586914062
0.000579833984375
0.0005812644958496094
0.0005810260772705078
0.0005917549133300781
0.0005784034729003906
0.0006937980651855469
0.0005779266357421875
0.0007693767547607422
0.0005817413330078125
0.0005984306335449219
0.000583648681640625
0.0006196498870849609
0.0005805492401123047
0.0005776882171630859
0.0006103515625
0.0005936622619628906
0.0006787776947021484
0.0005826950073242188
0.000579833984375
0.0005810260772705078
0.0006258487701416016
0.0005755424499511719
0.0005822181701660156
0.0006656646728515625
0.000579833984375
0.0009210109710693359
0.0005786418914794922
0.0005829334259033203
0.0005805492401123047
0.0005753040313720703
0.000576019287109375
0.0006260871887207031
0.0006616115570068359
0.0006501674652099609
0.0008590221405029297
0.0006413459777832031
0.0005791187286376953
0.0006229877471923828
0.0005769729614257812
0.0005791187286376953
0.0005779266357421875
0.0007243156433105469
0.0005776882171630859
0.0007288455963134766
0.0005948543548583984
0.0005750656127929688
0.0005948543548583984
0.0005784034729003906
0.0005893707275390625
0.0005788803100585938
0.0006642341613769531
0.0005807876586914062
0.0006756782531738281
0.0005843639373779297
0.0005755424499511719
0.0005714893341064453
0.0005753040313720703
0.0005736351013183594
0.0005755424499511719
0.0007123947143554688
0.0005741119384765625
0.0008461475372314453
0.0006704330444335938
0.0006213188171386719
0.000591278076171875
0.0005888938903808594
0.0005767345428466797
0.0005741119384765625
0.0006701946258544922
0.0005819797515869141
