0.006714344024658203
0.005861997604370117
0.005506277084350586
0.005358219146728516
0.005367279052734375
0.005455732345581055
0.005298137664794922
0.005351543426513672
0.005277395248413086
0.005427360534667969
0.005523204803466797
0.005944013595581055
0.005533933639526367
0.0053675174713134766
0.00525975227355957
0.00551915168762207
0.005442142486572266
0.006104707717895508
0.006264448165893555
0.005485057830810547
0.005418062210083008
0.0055773258209228516
0.005566596984863281
0.005326032638549805
0.005289316177368164
0.005294322967529297
0.0053043365478515625
0.005883932113647461
0.006106853485107422
0.0057964324951171875
0.0054950714111328125
0.0053577423095703125
0.005464315414428711
0.005260467529296875
0.00536346435546875
0.005613565444946289
0.005490779876708984
0.005345821380615234
0.0059812068939208984
0.006195545196533203
0.005434989929199219
0.005316734313964844
0.0054187774658203125
0.005382537841796875
0.005341768264770508
0.005730628967285156
0.0055522918701171875
0.005740642547607422
0.005780935287475586
0.005371570587158203
0.005483388900756836
0.005288839340209961
0.00529789924621582
0.005645275115966797
0.0057680606842041016
0.0055654048919677734
0.0060367584228515625
0.005479097366333008
0.005331516265869141
0.005253314971923828
0.005360126495361328
0.005368709564208984
0.005320072174072266
0.005462169647216797
0.005341053009033203
0.0058133602142333984
0.00581669807434082
0.00542902946472168
0.005360126495361328
0.0053403377532958984
0.005364894866943359
0.005553722381591797
0.006342649459838867
0.005712270736694336
0.005399942398071289
0.005423545837402344
0.005327701568603516
0.005415439605712891
0.005387306213378906
0.005374908447265625
0.00536799430847168
0.005969524383544922
0.0056247711181640625
0.006055116653442383
0.0056459903717041016
0.005324840545654297
0.005361080169677734
0.005349874496459961
0.005344867706298828
0.005765676498413086
0.006695985794067383
0.005490303039550781
0.005480527877807617
0.006053447723388672
0.0055694580078125
0.005326032638549805
0.0052907466888427734
0.005317211151123047
0.005308866500854492
0.006011247634887695
0.006159782409667969
0.00555419921875
0.0053598880767822266
0.005468845367431641
0.005415916442871094
0.005259990692138672
0.0053789615631103516
0.005929231643676758
0.005537271499633789
0.00538182258605957
0.005888223648071289
0.0055999755859375
0.00548863410949707
0.005294322967529297
0.0053637027740478516
0.005409955978393555
0.005487680435180664
0.005926370620727539
0.005316972732543945
0.00536656379699707
0.005897045135498047
0.0056493282318115234
0.00537562370300293
0.005304813385009766
0.00527501106262207
0.00534820556640625
0.006066799163818359
0.0061228275299072266
0.005725860595703125
0.005347728729248047
0.005332231521606445
0.005345582962036133
0.0053179264068603516
0.005292177200317383
0.0053119659423828125
0.006005525588989258
0.005463600158691406
0.006019115447998047
0.006052970886230469
0.00558161735534668
0.005338430404663086
0.006383657455444336
0.005627155303955078
0.006131172180175781
0.006389617919921875
0.006194353103637695
0.005563497543334961
0.00532221794128418
0.005326986312866211
0.0054416656494140625
0.005270242691040039
0.005316972732543945
0.0053522586822509766
0.006046295166015625
0.005663156509399414
0.0059604644775390625
0.0056324005126953125
0.005395650863647461
0.005297660827636719
0.005353212356567383
0.005292654037475586
0.0059587955474853516
0.006291627883911133
0.005564212799072266
0.005324125289916992
0.0056192874908447266
0.005565166473388672
0.0054781436920166016
0.00535273551940918
0.005907535552978516
0.005532741546630859
0.00594329833984375
0.0055577754974365234
0.005990505218505859
0.0055255889892578125
0.005304098129272461
0.005290985107421875
0.005396842956542969
0.00532841682434082
0.0060460567474365234
0.006377696990966797
0.005532741546630859
0.005339145660400391
0.005742788314819336
0.005597114562988281
0.005300283432006836
0.0052525997161865234
0.0053560733795166016
0.005357503890991211
0.006083250045776367
0.006197214126586914
0.006148338317871094
0.0053217411041259766
0.005348920822143555
0.0054743289947509766
0.005297660827636719
0.005339622497558594
0.006035327911376953
0.005547523498535156
0.00540924072265625
