0.054221391677856445
0.05399799346923828
0.055074214935302734
0.0543513298034668
0.05537748336791992
0.05441761016845703
0.056227684020996094
0.055010080337524414
0.05522346496582031
0.05571866035461426
0.05443239212036133
0.05495405197143555
0.055680274963378906
0.054067373275756836
0.05539274215698242
0.05394172668457031
0.05502676963806152
0.05602550506591797
0.055785179138183594
0.054216861724853516
0.055063486099243164
0.05378890037536621
0.055054664611816406
0.05405426025390625
0.055275917053222656
0.05524015426635742
0.05476069450378418
0.05383920669555664
0.05434131622314453
0.05399131774902344
0.05596160888671875
0.054290056228637695
0.05444145202636719
0.053751230239868164
0.055136919021606445
0.054320573806762695
0.05538344383239746
0.053667545318603516
0.054708242416381836
0.05394244194030762
0.05522632598876953
0.05437779426574707
0.05499577522277832
0.054259300231933594
0.05482125282287598
0.05386710166931152
0.05625438690185547
0.05423903465270996
0.05493736267089844
0.053800106048583984
0.05519723892211914
0.05460381507873535
0.05554771423339844
0.05439138412475586
0.05515241622924805
0.05869483947753906
0.0551753044128418
0.05413961410522461
0.05604434013366699
0.0538942813873291
0.055870771408081055
0.05425882339477539
0.056182146072387695
0.05390286445617676
0.05786490440368652
0.05453348159790039
0.0554659366607666
0.05513310432434082
0.05491757392883301
0.053612709045410156
0.05507230758666992
0.05430030822753906
0.05507779121398926
0.05434393882751465
0.055582523345947266
0.05449199676513672
0.05603647232055664
0.054334163665771484
0.05646157264709473
0.05439043045043945
0.05491232872009277
0.05426216125488281
0.05527806282043457
0.05543088912963867
0.05590081214904785
0.05489754676818848
0.055599212646484375
0.05410957336425781
0.05693387985229492
0.054396629333496094
0.055185794830322266
0.05373978614807129
0.05466508865356445
0.053641319274902344
0.05465841293334961
0.05390477180480957
0.055112600326538086
0.054262399673461914
0.054756879806518555
0.053942203521728516
0.05440640449523926
0.05402851104736328
0.05452847480773926
0.05396008491516113
0.0544428825378418
0.05420064926147461
0.05452418327331543
0.05404257774353027
0.05406475067138672
0.053675174713134766
0.05574369430541992
0.05443692207336426
0.05491304397583008
0.054184675216674805
0.054572343826293945
0.054938554763793945
0.056023597717285156
0.05424976348876953
0.055136680603027344
0.05425763130187988
0.05636906623840332
0.05521845817565918
0.055512189865112305
0.05425381660461426
0.05506014823913574
0.05388903617858887
0.0547482967376709
0.054205894470214844
0.05527019500732422
0.05459022521972656
0.05508279800415039
0.05382108688354492
0.055643320083618164
0.05402326583862305
0.055619239807128906
0.054146766662597656
0.055068016052246094
0.05385851860046387
0.055034637451171875
0.054332733154296875
0.05574512481689453
0.05433201789855957
0.05440402030944824
0.05372214317321777
0.05500912666320801
0.05423259735107422
0.0556340217590332
0.05380868911743164
0.055303096771240234
0.05416369438171387
0.054489850997924805
0.05434584617614746
0.0557253360748291
0.054277896881103516
0.055294036865234375
0.05347728729248047
0.05474734306335449
0.05413341522216797
0.05574393272399902
0.05405449867248535
0.0555577278137207
0.053894996643066406
0.05492758750915527
0.05357170104980469
0.05551719665527344
0.054097652435302734
0.05525946617126465
0.05373263359069824
0.05480027198791504
0.05407977104187012
0.055529117584228516
0.05418848991394043
0.056874752044677734
0.05436229705810547
0.05556511878967285
0.054535627365112305
0.05588269233703613
0.05428504943847656
0.05531120300292969
0.054146766662597656
0.05574178695678711
0.054148197174072266
0.05586695671081543
0.05453801155090332
0.05602860450744629
0.05482339859008789
0.055742740631103516
0.054261207580566406
0.055346012115478516
0.05406618118286133
0.05587363243103027
0.05415678024291992
0.05559897422790527
0.054183006286621094
0.05626201629638672
0.05515646934509277
0.0555720329284668
0.05415225028991699
0.05517697334289551
0.0545499324798584
