0.5383915901184082
0.5460987091064453
0.5377216339111328
0.5426075458526611
0.538966178894043
0.5374453067779541
0.5366504192352295
0.5397834777832031
0.5374240875244141
0.5360136032104492
0.5476667881011963
0.5377509593963623
0.5355751514434814
0.5365626811981201
0.5347154140472412
0.5351524353027344
0.5367071628570557
0.5334548950195312
0.5379965305328369
0.542830228805542
0.5373296737670898
0.534686803817749
0.5335335731506348
0.5370469093322754
0.5363810062408447
0.5349783897399902
0.53717041015625
0.533644437789917
0.5358991622924805
0.534308910369873
0.5353367328643799
0.5340569019317627
0.53564453125
0.5367882251739502
0.536931037902832
0.5372984409332275
0.535132884979248
0.5336551666259766
0.5351541042327881
0.532351016998291
0.5375516414642334
0.5377321243286133
0.5363538265228271
0.5403280258178711
0.5390450954437256
0.5337514877319336
0.5356216430664062
0.5403246879577637
0.5367047786712646
0.5376698970794678
0.5377869606018066
0.5383479595184326
0.5377867221832275
0.5383386611938477
0.5366439819335938
0.5374338626861572
0.5382206439971924
0.5382847785949707
0.5388944149017334
0.5377347469329834
0.5344240665435791
0.5370416641235352
0.5455636978149414
0.5367419719696045
0.536168098449707
0.5380587577819824
0.5367815494537354
0.5347704887390137
0.5423057079315186
0.5330824851989746
0.5358028411865234
0.5361146926879883
0.539334774017334
0.5444111824035645
0.5398457050323486
0.5368690490722656
0.5397329330444336
0.5345149040222168
0.53462815284729
0.5369861125946045
0.535869836807251
0.5400536060333252
0.5362904071807861
0.5360298156738281
0.5377488136291504
0.5377376079559326
0.5372622013092041
0.5355160236358643
0.5353188514709473
0.5394947528839111
0.5376808643341064
0.5378592014312744
0.5370938777923584
0.5328903198242188
0.5409286022186279
0.5368142127990723
0.5388467311859131
0.5348958969116211
0.5404536724090576
0.5387511253356934
0.5368123054504395
0.5365350246429443
0.5361118316650391
0.5351858139038086
0.5347843170166016
0.5336754322052002
0.5371479988098145
0.537001371383667
0.5353410243988037
0.5360205173492432
0.5342793464660645
0.53908371925354
0.5367321968078613
0.5359821319580078
0.5388154983520508
0.5379199981689453
0.539466381072998
0.5393338203430176
0.5372633934020996
0.5374939441680908
0.5387747287750244
0.5384097099304199
0.5376746654510498
0.5341742038726807
0.5367698669433594
0.5374166965484619
0.536257266998291
0.5499589443206787
0.5353903770446777
0.5367081165313721
0.5350522994995117
0.5366196632385254
0.5366933345794678
0.5350492000579834
0.5352883338928223
0.5366334915161133
0.536229133605957
0.5365831851959229
0.5361483097076416
0.5380032062530518
0.5365555286407471
0.5357024669647217
0.5345673561096191
0.5355613231658936
0.5345306396484375
0.5374083518981934
0.5334720611572266
0.5361547470092773
0.5387661457061768
0.5365447998046875
0.5363354682922363
0.5366671085357666
0.5383129119873047
0.5431382656097412
0.5414400100708008
0.5406458377838135
0.5385675430297852
0.5369272232055664
0.5376908779144287
0.5364253520965576
0.537653923034668
0.536325216293335
0.5366165637969971
0.5381159782409668
0.5372512340545654
0.5358738899230957
0.5368893146514893
0.5354650020599365
0.5353751182556152
0.5347626209259033
0.5421450138092041
0.5366954803466797
0.5393009185791016
0.5348868370056152
0.5348820686340332
0.5373165607452393
0.5375642776489258
0.5377123355865479
0.5383157730102539
0.536900520324707
0.5390903949737549
0.5435853004455566
0.5357954502105713
0.5359179973602295
0.5350034236907959
0.5397098064422607
0.5364084243774414
0.5381467342376709
0.5373640060424805
0.5359542369842529
0.5374433994293213
0.5402331352233887
0.5490543842315674
0.5362260341644287
0.536095142364502
0.5364382266998291
0.5359082221984863
0.5369455814361572
0.5367298126220703
0.5370907783508301
