82.668828         3.000000          26.556276      
330.602713        7.000000          46.228959      
743.825853        11.000000         66.620532      
1322.338250       15.000000         87.155883      
2066.139903       19.000000         107.744205     
2975.230812       23.000000         128.357861     
4049.610977       27.000000         148.985592     
5289.280398       31.000000         169.621948     
6694.239076       35.000000         190.263974     
8264.487010       39.000000         210.909923     
