2.855027          3.000000          0.048324       
6.221609          7.000000          0.111199       
9.035669          11.000000         0.178576       
11.963056         15.000000         0.202463       
15.767723         19.000000         0.170120       
20.515933         23.000000         0.108003       
26.172513         27.000000         0.030648       
32.722315         31.000000         0.055559       
40.158454         35.000000         0.147384       
48.477395         39.000000         0.243010       
57.677161         43.000000         0.341329       
67.756573         47.000000         0.441629       
78.714889         51.000000         0.543429       
90.551627         55.000000         0.646393       
103.266458        59.000000         0.750279       
116.859155        63.000000         0.854907       
131.329555        67.000000         0.960143       
146.677539        71.000000         1.065881       
162.903020        75.000000         1.172040       
180.005930        79.000000         1.278556       
197.986218        83.000000         1.385376       
216.843844        87.000000         1.492458       
236.578778        91.000000         1.599767       
257.190994        95.000000         1.707274       
278.680472        99.000000         1.814954       
301.047196        103.000000        1.922788       
324.291152        107.000000        2.030758       
348.412331        111.000000        2.138850       
373.410721        115.000000        2.247050       
399.286317        119.000000        2.355347       
426.039112        123.000000        2.463733       
453.669099        127.000000        2.572198       
482.176275        131.000000        2.680735       
511.560635        135.000000        2.789338       
541.822177        139.000000        2.898001       
572.960897        143.000000        3.006720       
604.976793        147.000000        3.115488       
637.869862        151.000000        3.224304       
671.640103        155.000000        3.333162       
706.287514        159.000000        3.442060       
741.812093        163.000000        3.550994       
778.213839        167.000000        3.659963       
815.492751        171.000000        3.768963       
853.648828        175.000000        3.877993       
892.682069        179.000000        3.987051       
932.592474        183.000000        4.096134       
973.380041        187.000000        4.205241       
1015.044769       191.000000        4.314371       
1057.586659       195.000000        4.423521       
1101.005709       199.000000        4.532692       
1145.301920       203.000000        4.641881       
1190.475291       207.000000        4.751088       
1236.525821       211.000000        4.860312       
1283.453509       215.000000        4.969551       
1331.258357       219.000000        5.078805       
1379.940363       223.000000        5.188073       
1429.499527       227.000000        5.297355       
1479.935849       231.000000        5.406649       
1531.249329       235.000000        5.515955       
1583.439966       239.000000        5.625272       
1636.507760       243.000000        5.734600       
1690.452712       247.000000        5.843938       
1745.274820       251.000000        5.953286       
1800.974085       255.000000        6.062643       
1857.550507       259.000000        6.172010       
1915.004085       263.000000        6.281384       
1973.334820       267.000000        6.390767       
2032.542711       271.000000        6.500158       
2092.627758       275.000000        6.609555       
2153.589961       279.000000        6.718960       
2215.429320       283.000000        6.828372       
2278.145835       287.000000        6.937790       
2341.739506       291.000000        7.047215       
2406.210333       295.000000        7.156645       
2471.558315       299.000000        7.266081       
2537.783453       303.000000        7.375523       
2604.885747       307.000000        7.484970       
2672.865196       311.000000        7.594422       
2741.721801       315.000000        7.703879       
2811.455561       319.000000        7.813340       
2882.066476       323.000000        7.922806       
2953.554547       327.000000        8.032277       
3025.919773       331.000000        8.141752       
3099.162154       335.000000        8.251230       
3173.281691       339.000000        8.360713       
3248.278382       343.000000        8.470199       
3324.152229       347.000000        8.579689       
3400.903231       351.000000        8.689183       
3478.531388       355.000000        8.798680       
3557.036700       359.000000        8.908180       
3636.419168       363.000000        9.017684       
3716.678790       367.000000        9.127190       
3797.815567       371.000000        9.236700       
3879.829499       375.000000        9.346212       
3962.720587       379.000000        9.455727       
4046.488829       383.000000        9.565245       
4131.134226       387.000000        9.674765       
4216.656778       391.000000        9.784288       
4303.056485       395.000000        9.893814       
4390.333347       399.000000        10.003342      
4478.487363       403.000000        10.112872      
4567.518535       407.000000        10.222404      
4657.426861       411.000000        10.331939      
4748.212342       415.000000        10.441476      
4839.874978       419.000000        10.551014      
4932.414769       423.000000        10.660555      
5025.831715       427.000000        10.770098      
5120.125815       431.000000        10.879642      
5215.297070       435.000000        10.989189      
5311.345480       439.000000        11.098737      
5408.271045       443.000000        11.208287      
5506.073764       447.000000        11.317838      
5604.753638       451.000000        11.427392      
5704.310667       455.000000        11.536947      
5804.744851       459.000000        11.646503      
5906.056189       463.000000        11.756061      
6008.244682       467.000000        11.865620      
6111.310330       471.000000        11.975181      
6215.253132       475.000000        12.084743      
6320.073089       479.000000        12.194307      
6425.770201       483.000000        12.303872      
6532.344467       487.000000        12.413438      
6639.795888       491.000000        12.523006      
6748.124464       495.000000        12.632575      
6857.330195       499.000000        12.742145      
6967.413080       503.000000        12.851716      
7078.373120       507.000000        12.961288      
7190.210314       511.000000        13.070862      
7302.924663       515.000000        13.180436      
7416.516167       519.000000        13.290012      
7530.984825       523.000000        13.399589      
7646.330638       527.000000        13.509166      
7762.553606       531.000000        13.618745      
7879.653728       535.000000        13.728325      
7997.631005       539.000000        13.837905      
8116.485436       543.000000        13.947487      
8236.217022       547.000000        14.057070      
8356.825763       551.000000        14.166653      
8478.311658       555.000000        14.276237      
8600.674708       559.000000        14.385822      
8723.914912       563.000000        14.495408      
8848.032271       567.000000        14.604995      
8973.026785       571.000000        14.714583      
9098.898453       575.000000        14.824171      
9225.647276       579.000000        14.933760      
9353.273254       583.000000        15.043350      
9481.776386       587.000000        15.152941      
9611.156673       591.000000        15.262532      
9741.414120       595.000000        15.372125      
9872.588085       599.000000        15.481783      
