4.359012          3.000000          0.453004       
15.901245         7.000000          1.271606       
35.123282         11.000000         2.193026       
62.035561         15.000000         3.135704       
96.637434         19.000000         4.086181       
138.928751        23.000000         5.040380       
188.909462        27.000000         5.996647       
246.579546        31.000000         6.954179       
311.938994        35.000000         7.912543       
384.987801        39.000000         8.871482       
465.725963        43.000000         9.830836       
554.153479        47.000000         10.790500      
650.270348        51.000000         11.750399      
754.076569        55.000000         12.710483      
865.572142        59.000000         13.670714      
984.757066        63.000000         14.631065      
1111.631342       67.000000         15.591513      
1246.194968       71.000000         16.552042      
1388.447944       75.000000         17.512639      
1538.390272       79.000000         18.473295      
1696.021950       83.000000         19.433999      
1861.342979       87.000000         20.394747      
2034.353358       91.000000         21.355531      
2215.053087       95.000000         22.316348      
2403.442167       99.000000         23.277194      
2599.520597       103.000000        24.238064      
2803.288378       107.000000        25.198957      
3014.745509       111.000000        26.159869      
3233.891991       115.000000        27.120800      
3460.727822       119.000000        28.081746      
3695.253004       123.000000        29.042707      
3937.467537       127.000000        30.003681      
4187.371419       131.000000        30.964667      
4444.964652       135.000000        31.925664      
4710.247235       139.000000        32.886671      
4983.219169       143.000000        33.847686      
5263.880452       147.000000        34.808711      
5552.231087       151.000000        35.769742      
5848.271071       155.000000        36.730781      
6152.000405       159.000000        37.691826      
6463.419090       163.000000        38.652878      
6782.527125       167.000000        39.613935      
7109.324511       171.000000        40.574997      
7443.811246       175.000000        41.536064      
7785.987332       179.000000        42.497136      
8135.852769       183.000000        43.458212      
8493.407555       187.000000        44.419292      
8858.651692       191.000000        45.380375      
9231.585179       195.000000        46.341462      
9612.208190       199.000000        47.302554      
