2.920309          3.000000          0.026564       
6.587483          7.000000          0.058931       
9.948589          11.000000         0.095583       
12.941879         15.000000         0.137208       
15.511042         19.000000         0.183629       
17.971976         23.000000         0.218610       
20.912134         27.000000         0.225477       
24.450166         31.000000         0.211285       
28.543049         35.000000         0.184484       
33.165486         39.000000         0.149603       
38.304619         43.000000         0.109195       
43.953197         47.000000         0.064826       
50.106819         51.000000         0.017513       
56.762661         55.000000         0.032048       
63.918841         59.000000         0.083370       
71.574057         63.000000         0.136096       
79.727387         67.000000         0.189961       
88.378160         71.000000         0.244763       
97.525881         75.000000         0.300345       
107.170175        79.000000         0.356584       
117.310755        83.000000         0.413383       
127.947399        87.000000         0.470660       
139.079930        91.000000         0.528351       
150.708211        95.000000         0.586402       
162.832129        99.000000         0.644769       
175.451593        103.000000        0.703414       
188.566530        107.000000        0.762304       
202.176878        111.000000        0.821413       
216.282586        115.000000        0.880718       
230.883613        119.000000        0.940198       
245.979922        123.000000        0.999837       
261.571483        127.000000        1.059618       
277.658270        131.000000        1.119529       
294.240262        135.000000        1.179557       
311.317440        139.000000        1.239694       
328.889787        143.000000        1.299929       
346.957289        147.000000        1.360254       
365.519934        151.000000        1.420662       
384.577712        155.000000        1.481147       
404.130613        159.000000        1.541702       
424.178628        163.000000        1.602323       
444.721751        167.000000        1.663004       
465.759974        171.000000        1.723743       
487.293293        175.000000        1.784533       
509.321702        179.000000        1.845373       
531.845197        183.000000        1.906258       
554.863773        187.000000        1.967186       
578.377426        191.000000        2.028154       
602.386155        195.000000        2.089160       
626.889955        199.000000        2.150201       
651.888824        203.000000        2.211275       
677.382759        207.000000        2.272380       
703.371759        211.000000        2.333515       
729.855821        215.000000        2.394678       
756.834944        219.000000        2.455867       
784.309125        223.000000        2.517081       
812.278364        227.000000        2.578319       
840.742659        231.000000        2.639579       
869.702009        235.000000        2.700860       
899.156412        239.000000        2.762161       
929.105868        243.000000        2.823481       
959.550376        247.000000        2.884819       
990.489934        251.000000        2.946175       
1021.924542       255.000000        3.007547       
1053.854198       259.000000        3.068935       
1086.278904       263.000000        3.130338       
1119.198657       267.000000        3.191755       
1152.613457       271.000000        3.253186       
1186.523303       275.000000        3.314630       
1220.928196       279.000000        3.376087       
1255.828134       283.000000        3.437555       
1291.223117       287.000000        3.499035       
1327.113144       291.000000        3.560526       
1363.498216       295.000000        3.622028       
1400.378332       299.000000        3.683540       
1437.753491       303.000000        3.745061       
1475.623694       307.000000        3.806592       
1513.988939       311.000000        3.868132       
1552.849227       315.000000        3.929680       
1592.204557       319.000000        3.991237       
1632.054929       323.000000        4.052802       
1672.400344       327.000000        4.114374       
1713.240799       331.000000        4.175954       
1754.576297       335.000000        4.237541       
1796.406835       339.000000        4.299135       
1838.732414       343.000000        4.360736       
1881.553035       347.000000        4.422343       
1924.868696       351.000000        4.483956       
1968.679398       355.000000        4.545576       
2012.985140       359.000000        4.607201       
2057.785922       363.000000        4.668832       
2103.081744       367.000000        4.730468       
2148.872607       371.000000        4.792109       
2195.158509       375.000000        4.853756       
2241.939451       379.000000        4.915408       
2289.215433       383.000000        4.977064       
2336.986454       387.000000        5.038725       
2385.252515       391.000000        5.100390       
2434.013615       395.000000        5.162060       
2483.269755       399.000000        5.223734       
2533.020934       403.000000        5.285412       
2583.267152       407.000000        5.347094       
2634.008409       411.000000        5.408780       
2685.244705       415.000000        5.470469       
2736.976040       419.000000        5.532162       
2789.202414       423.000000        5.593859       
2841.923826       427.000000        5.655559       
2895.140278       431.000000        5.717263       
2948.851768       435.000000        5.778970       
3003.058297       439.000000        5.840679       
3057.759864       443.000000        5.902392       
3112.956470       447.000000        5.964108       
3168.648115       451.000000        6.025827       
3224.834798       455.000000        6.087549       
3281.516519       459.000000        6.149273       
3338.693279       463.000000        6.211001       
3396.365077       467.000000        6.272730       
3454.531913       471.000000        6.334463       
3513.193788       475.000000        6.396197       
3572.350701       479.000000        6.457935       
3632.002652       483.000000        6.519674       
3692.149641       487.000000        6.581416       
3752.791669       491.000000        6.643160       
3813.928734       495.000000        6.704907       
3875.560838       499.000000        6.766655       
3937.687980       503.000000        6.828406       
4000.310159       507.000000        6.890158       
4063.427377       511.000000        6.951913       
4127.039633       515.000000        7.013669       
4191.146927       519.000000        7.075428       
4255.749258       523.000000        7.137188       
4320.846628       527.000000        7.198950       
4386.439035       531.000000        7.260714       
4452.526481       535.000000        7.322479       
4519.108964       539.000000        7.384247       
4586.186485       543.000000        7.446016       
4653.759044       547.000000        7.507786       
4721.826641       551.000000        7.569558       
4790.389275       555.000000        7.631332       
4859.446947       559.000000        7.693107       
4928.999658       563.000000        7.754884       
4999.047405       567.000000        7.816662       
5069.590191       571.000000        7.878442       
5140.628014       575.000000        7.940223       
5212.160875       579.000000        8.002005       
5284.188774       583.000000        8.063789       
5356.711710       587.000000        8.125574       
5429.729684       591.000000        8.187360       
5503.242696       595.000000        8.249147       
5577.250745       599.000000        8.310936       
5651.753832       603.000000        8.372726       
5726.751957       607.000000        8.434517       
5802.245119       611.000000        8.496310       
5878.233319       615.000000        8.558103       
5954.716557       619.000000        8.619898       
6031.694832       623.000000        8.681693       
6109.168144       627.000000        8.743490       
6187.136495       631.000000        8.805288       
6265.599882       635.000000        8.867086       
6344.558308       639.000000        8.928886       
6424.011771       643.000000        8.990687       
6503.960271       647.000000        9.052489       
6584.403809       651.000000        9.114292       
6665.342385       655.000000        9.176095       
6746.775998       659.000000        9.237900       
6828.704648       663.000000        9.299705       
6911.128337       667.000000        9.361512       
6994.047062       671.000000        9.423319       
7077.460825       675.000000        9.485127       
7161.369626       679.000000        9.546936       
7245.773464       683.000000        9.608746       
7330.672340       687.000000        9.670557       
7416.066253       691.000000        9.732368       
7501.955203       695.000000        9.794180       
7588.339191       699.000000        9.855993       
7675.218217       703.000000        9.917807       
7762.592279       707.000000        9.979621       
7850.461380       711.000000        10.041437      
7938.825518       715.000000        10.103252      
8027.684693       719.000000        10.165069      
8117.038906       723.000000        10.226886      
8206.888156       727.000000        10.288704      
8297.232443       731.000000        10.350523      
8388.071768       735.000000        10.412343      
8479.406131       739.000000        10.474163      
8571.235530       743.000000        10.535983      
8663.559968       747.000000        10.597805      
8756.379442       751.000000        10.659626      
8849.693954       755.000000        10.721449      
8943.503504       759.000000        10.783272      
9037.808091       763.000000        10.845096      
9132.607715       767.000000        10.906920      
9227.902377       771.000000        10.968745      
9323.692076       775.000000        11.030570      
9419.976812       779.000000        11.092396      
9516.756586       783.000000        11.154223      
9614.031397       787.000000        11.216050      
9711.801246       791.000000        11.277878      
9810.066270       795.000000        11.339706      
9908.990367       799.000000        11.401740      
