2.949465          3.000000          0.016845       
6.742073          7.000000          0.036847       
10.355423         11.000000         0.058598       
13.773158         15.000000         0.081789       
16.972777         19.000000         0.106696       
19.920590         23.000000         0.133887       
22.562392         27.000000         0.164356       
24.873677         31.000000         0.197623       
27.150244         35.000000         0.224279       
29.800902         39.000000         0.235874       
32.881201         43.000000         0.235321       
36.349309         47.000000         0.226610       
40.179708         51.000000         0.212163       
44.358130         55.000000         0.193489       
48.875840         59.000000         0.171596       
53.727132         63.000000         0.147188       
58.908104         67.000000         0.120775       
64.415993         71.000000         0.092732       
70.248790         75.000000         0.063349       
76.405000         79.000000         0.032848       
82.883490         83.000000         0.001404       
89.683385         87.000000         0.030844       
96.804003         91.000000         0.063780       
104.244804        95.000000         0.097314       
112.005356        99.000000         0.131367       
120.085308        103.000000        0.165877       
128.484376        107.000000        0.200789       
137.202325        111.000000        0.236057       
146.238960        115.000000        0.271643       
155.594120        119.000000        0.307514       
165.267668        123.000000        0.343640       
175.259489        127.000000        0.379996       
185.569485        131.000000        0.416561       
196.197571        135.000000        0.453315       
207.143677        139.000000        0.490242       
218.407741        143.000000        0.527327       
229.989708        147.000000        0.564556       
241.889532        151.000000        0.601917       
254.107172        155.000000        0.639401       
266.642593        159.000000        0.676997       
279.495764        163.000000        0.714698       
292.666655        167.000000        0.752495       
306.155244        171.000000        0.790382       
319.961508        175.000000        0.828351       
334.085427        179.000000        0.866399       
348.526986        183.000000        0.904519       
363.286167        187.000000        0.942707       
378.362958        191.000000        0.980958       
393.757346        195.000000        1.019268       
409.469319        199.000000        1.057635       
425.498868        203.000000        1.096054       
441.845983        207.000000        1.134522       
458.510656        211.000000        1.173036       
475.492879        215.000000        1.211595       
492.792646        219.000000        1.250195       
510.409951        223.000000        1.288834       
528.344787        227.000000        1.327510       
546.597150        231.000000        1.366221       
565.167034        235.000000        1.404966       
584.054435        239.000000        1.443742       
603.259350        243.000000        1.482549       
622.781774        247.000000        1.521384       
642.621705        251.000000        1.560246       
662.779138        255.000000        1.599134       
683.254071        259.000000        1.638047       
704.046502        263.000000        1.676983       
725.156427        267.000000        1.715942       
746.583845        271.000000        1.754922       
768.328754        275.000000        1.793923       
790.391150        279.000000        1.832943       
812.771034        283.000000        1.871982       
835.468402        287.000000        1.911040       
858.483253        291.000000        1.950114       
881.815586        295.000000        1.989205       
905.465400        299.000000        2.028312       
929.432692        303.000000        2.067435       
953.717462        307.000000        2.106572       
978.319709        311.000000        2.145723       
1003.239431       315.000000        2.184887       
1028.476628       319.000000        2.224065       
1054.031298       323.000000        2.263255       
1079.903442       327.000000        2.302457       
1106.093057       331.000000        2.341671       
1132.600143       335.000000        2.380896       
1159.424699       339.000000        2.420132       
1186.566726       343.000000        2.459378       
1214.026221       347.000000        2.498635       
1241.803184       351.000000        2.537901       
1269.897616       355.000000        2.577176       
1298.309514       359.000000        2.616461       
1327.038879       363.000000        2.655754       
1356.085711       367.000000        2.695056       
1385.450008       371.000000        2.734367       
1415.131771       375.000000        2.773685       
1445.130998       379.000000        2.813011       
1475.447690       383.000000        2.852344       
1506.081846       387.000000        2.891684       
1537.033466       391.000000        2.931032       
1568.302549       395.000000        2.970386       
1599.889096       399.000000        3.009747       
1631.793105       403.000000        3.049114       
1664.014576       407.000000        3.088488       
1696.553510       411.000000        3.127867       
1729.409906       415.000000        3.167253       
1762.583764       419.000000        3.206644       
1796.075082       423.000000        3.246040       
1829.883863       427.000000        3.285442       
1864.010104       431.000000        3.324849       
1898.453806       435.000000        3.364262       
1933.214968       439.000000        3.403679       
1968.293591       443.000000        3.443101       
2003.689674       447.000000        3.482527       
2039.403217       451.000000        3.521958       
2075.434220       455.000000        3.561394       
2111.782683       459.000000        3.600834       
2148.448606       463.000000        3.640278       
2185.431987       467.000000        3.679726       
2222.732828       471.000000        3.719178       
2260.351129       475.000000        3.758634       
2298.286888       479.000000        3.798094       
2336.540106       483.000000        3.837557       
2375.110783       487.000000        3.877024       
2413.998918       491.000000        3.916495       
2453.204513       495.000000        3.955969       
2492.727565       499.000000        3.995446       
2532.568076       503.000000        4.034927       
2572.726045       507.000000        4.074410       
2613.201473       511.000000        4.113897       
2653.994358       515.000000        4.153387       
2695.104702       519.000000        4.192880       
2736.532503       523.000000        4.232376       
2778.277762       527.000000        4.271874       
2820.340479       531.000000        4.311376       
2862.720653       535.000000        4.350880       
2905.418286       539.000000        4.390386       
2948.433375       543.000000        4.429896       
2991.765923       547.000000        4.469408       
3035.415927       551.000000        4.508922       
3079.383389       555.000000        4.548439       
3123.668308       559.000000        4.587958       
3168.270685       563.000000        4.627479       
3213.190518       567.000000        4.667003       
3258.427809       571.000000        4.706529       
3303.982557       575.000000        4.746057       
3349.854762       579.000000        4.785587       
3396.044424       583.000000        4.825119       
3442.551542       587.000000        4.864653       
3489.376118       591.000000        4.904190       
3536.518151       595.000000        4.943728       
3583.977640       599.000000        4.983268       
3631.754586       603.000000        5.022810       
3679.848989       607.000000        5.062354       
3728.260848       611.000000        5.101900       
3776.990164       615.000000        5.141447       
3826.036937       619.000000        5.180997       
3875.401166       623.000000        5.220548       
3925.082852       627.000000        5.260100       
3975.081995       631.000000        5.299655       
4025.398593       635.000000        5.339210       
4076.032649       639.000000        5.378768       
4126.984160       643.000000        5.418327       
4178.253128       647.000000        5.457887       
4229.839553       651.000000        5.497449       
4281.743434       655.000000        5.537013       
4333.964771       659.000000        5.576578       
4386.503564       663.000000        5.616144       
4439.359814       667.000000        5.655712       
4492.533520       671.000000        5.695281       
4546.024682       675.000000        5.734851       
4599.833300       679.000000        5.774423       
4653.959375       683.000000        5.813996       
4708.402906       687.000000        5.853570       
4763.163893       691.000000        5.893146       
4818.242335       695.000000        5.932723       
4873.638234       699.000000        5.972301       
4929.351590       703.000000        6.011880       
4985.382401       707.000000        6.051460       
5041.730668       711.000000        6.091042       
5098.396391       715.000000        6.130624       
5155.379570       719.000000        6.170208       
5212.680206       723.000000        6.209793       
5270.298297       727.000000        6.249379       
5328.233844       731.000000        6.288966       
5386.486847       735.000000        6.328554       
5445.057306       739.000000        6.368142       
5503.945221       743.000000        6.407732       
5563.150592       747.000000        6.447323       
5622.673419       751.000000        6.486915       
5682.513702       755.000000        6.526508       
5742.671440       759.000000        6.566102       
5803.146635       763.000000        6.605697       
5863.939285       767.000000        6.645292       
5925.049391       771.000000        6.684889       
5986.476953       775.000000        6.724486       
6048.221970       779.000000        6.764085       
6110.284444       783.000000        6.803684       
6172.664373       787.000000        6.843284       
6235.361758       791.000000        6.882885       
6298.376599       795.000000        6.922486       
6361.708896       799.000000        6.962089       
6425.358648       803.000000        7.001692       
6489.325856       807.000000        7.041296       
6553.610520       811.000000        7.080901       
6618.212639       815.000000        7.120506       
6683.132214       819.000000        7.160113       
6748.369245       823.000000        7.199720       
6813.923732       827.000000        7.239327       
6879.795674       831.000000        7.278936       
6945.985072       835.000000        7.318545       
7012.491926       839.000000        7.358155       
7079.316235       843.000000        7.397765       
7146.458000       847.000000        7.437377       
7213.917221       851.000000        7.476989       
7281.693897       855.000000        7.516601       
7349.788029       859.000000        7.556214       
7418.199616       863.000000        7.595828       
7486.928660       867.000000        7.635443       
7555.975158       871.000000        7.675058       
7625.339113       875.000000        7.714673       
7695.020523       879.000000        7.754290       
7765.019388       883.000000        7.793906       
7835.335709       887.000000        7.833524       
7905.969486       891.000000        7.873142       
7976.920719       895.000000        7.912761       
8048.189406       899.000000        7.952380       
8119.775550       903.000000        7.992000       
8191.679149       907.000000        8.031620       
8263.900204       911.000000        8.071241       
8336.438714       915.000000        8.110862       
8409.294680       919.000000        8.150484       
8482.468101       923.000000        8.190106       
8555.958978       927.000000        8.229729       
8629.767310       931.000000        8.269353       
8703.893098       935.000000        8.308977       
8778.336341       939.000000        8.348601       
8853.097040       943.000000        8.388226       
8928.175195       947.000000        8.427851       
9003.570805       951.000000        8.467477       
9079.283870       955.000000        8.507104       
9155.314391       959.000000        8.546730       
9231.662368       963.000000        8.586358       
9308.327800       967.000000        8.625985       
9385.310687       971.000000        8.665613       
9462.611030       975.000000        8.705242       
9540.228829       979.000000        8.744871       
9618.164083       983.000000        8.784501       
9696.416792       987.000000        8.824130       
9774.986959       991.000000        8.863761       
9853.876146       995.000000        8.903393       
9933.577202       999.000000        8.943521       
