2.689464          3.000000          0.103512       
6.079807          7.000000          0.131456       
10.923758         11.000000         0.006931       
17.758686         15.000000         0.183912       
26.569059         19.000000         0.398372       
37.345708         23.000000         0.623726       
50.085595         27.000000         0.855022       
64.787474         31.000000         1.089919       
81.450753         35.000000         1.327164       
100.075126        39.000000         1.566029       
120.660418        43.000000         1.806056       
143.206523        47.000000         2.046947       
167.713378        51.000000         2.288498       
194.180937        55.000000         2.530562       
222.609173        59.000000         2.773037       
252.998064        63.000000         3.015842       
285.347596        67.000000         3.258919       
319.657759        71.000000         3.502222       
355.928545        75.000000         3.745714       
394.159947        79.000000         3.989366       
434.351962        83.000000         4.233156       
476.504585        87.000000         4.477064       
520.617814        91.000000         4.721075       
566.691646        95.000000         4.965175       
614.726080        99.000000         5.209354       
664.721115        103.000000        5.453603       
716.676748        107.000000        5.697914       
770.592980        111.000000        5.942279       
826.469809        115.000000        6.186694       
884.307234        119.000000        6.431153       
944.105256        123.000000        6.675652       
1005.863873       127.000000        6.920188       
1069.583085       131.000000        7.164756       
1135.262892       135.000000        7.409355       
1202.903294       139.000000        7.653981       
1272.504290       143.000000        7.898631       
1344.065879       147.000000        8.143305       
1417.588063       151.000000        8.388000       
1493.070840       155.000000        8.632715       
1570.514211       159.000000        8.877448       
1649.918175       163.000000        9.122197       
1731.282732       167.000000        9.366962       
1814.607882       171.000000        9.611742       
1899.893626       175.000000        9.856535       
1987.139962       179.000000        10.101341      
2076.346891       183.000000        10.346158      
2167.514413       187.000000        10.590986      
2260.642528       191.000000        10.835825      
2355.731236       195.000000        11.080673      
2452.780536       199.000000        11.325530      
2551.790429       203.000000        11.570396      
2652.760914       207.000000        11.815270      
2755.691992       211.000000        12.060152      
2860.583662       215.000000        12.305040      
2967.435925       219.000000        12.549936      
3076.248780       223.000000        12.794838      
3187.022228       227.000000        13.039745      
3299.756268       231.000000        13.284659      
3414.450900       235.000000        13.529578      
3531.106125       239.000000        13.774503      
3649.721942       243.000000        14.019432      
3770.298352       247.000000        14.264366      
3892.835354       251.000000        14.509304      
4017.332948       255.000000        14.754247      
4143.791134       259.000000        14.999194      
4272.209913       263.000000        15.244144      
4402.589284       267.000000        15.489098      
4534.929247       271.000000        15.734056      
4669.229803       275.000000        15.979017      
4805.490950       279.000000        16.223982      
4943.712690       283.000000        16.468949      
5083.895023       287.000000        16.713920      
5226.037947       291.000000        16.958893      
5370.141463       295.000000        17.203869      
5516.205572       299.000000        17.448848      
5664.230273       303.000000        17.693829      
5814.215566       307.000000        17.938813      
5966.161452       311.000000        18.183799      
6120.067929       315.000000        18.428787      
6275.934999       319.000000        18.673777      
6433.762661       323.000000        18.918770      
6593.550915       327.000000        19.163764      
6755.299761       331.000000        19.408761      
6919.009200       335.000000        19.653759      
7084.679230       339.000000        19.898759      
7252.309853       343.000000        20.143761      
7421.901068       347.000000        20.388764      
7593.452875       351.000000        20.633769      
7766.965274       355.000000        20.878775      
7942.438266       359.000000        21.123783      
8119.871849       363.000000        21.368793      
8299.266025       367.000000        21.613804      
8480.620793       371.000000        21.858816      
8663.936153       375.000000        22.103830      
8849.212105       379.000000        22.348845      
9036.448649       383.000000        22.593861      
9225.645785       387.000000        22.838878      
9416.803514       391.000000        23.083896      
9609.921834       395.000000        23.328916      
9805.006028       399.000000        23.573950      
