3.773784875869751
3.7735214233398438
3.6723403930664062
3.6991653442382812
3.666362762451172
3.6711111068725586
3.6635138988494873
3.658003091812134
3.6849560737609863
3.6789023876190186
3.6836318969726562
3.678468704223633
4.410705804824829
4.263991117477417
4.230557680130005
3.711676597595215
3.6713883876800537
3.9294064044952393
4.3089752197265625
4.253567695617676
4.2151405811309814
3.679147481918335
3.663567543029785
3.7451164722442627
4.214432954788208
4.254420280456543
3.6731114387512207
4.208245277404785
3.716717004776001
4.264841556549072
3.985661029815674
3.6709046363830566
4.353126525878906
3.752669095993042
4.0120649337768555
3.7077383995056152
3.7040951251983643
3.70043683052063
3.7154297828674316
3.7448346614837646
3.7089850902557373
3.6919546127319336
4.536262035369873
3.728562116622925
3.767216682434082
3.6991329193115234
3.7012155055999756
3.6930770874023438
3.6719157695770264
3.6644363403320312
3.692340135574341
3.7293648719787598
3.6639232635498047
3.7002971172332764
3.6642963886260986
3.669933557510376
3.6744909286499023
3.6693525314331055
3.6757302284240723
3.673464059829712
3.6713647842407227
3.677215576171875
3.7022769451141357
3.6741256713867188
3.6947009563446045
3.685140609741211
3.6805057525634766
3.6866438388824463
3.759197235107422
3.697946548461914
3.6667380332946777
3.718452215194702
3.7770676612854004
3.732405424118042
3.6649153232574463
3.7695064544677734
3.672466993331909
3.71940279006958
3.6847240924835205
3.682347297668457
3.6733765602111816
3.7110657691955566
3.7366983890533447
3.8554556369781494
3.687195062637329
3.6782872676849365
3.736936569213867
3.7208149433135986
3.6804494857788086
3.67905855178833
3.745783567428589
3.7031924724578857
3.699117422103882
3.742300271987915
3.6709182262420654
3.736638307571411
4.6686108112335205
3.6757547855377197
3.7235536575317383
3.6922404766082764
