20.94200110435486
20.29927968978882
20.27944326400757
20.629027605056763
20.40897035598755
20.32534909248352
20.28168511390686
20.315767288208008
20.513610363006592
20.589661836624146
20.95412516593933
20.48546075820923
20.38520073890686
20.55551505088806
20.26080846786499
20.09819221496582
20.221301794052124
20.206648111343384
20.16696333885193
20.208531618118286
20.22215175628662
20.665594339370728
20.434990644454956
20.335062742233276
20.25405478477478
20.38344097137451
21.13811731338501
20.273464679718018
20.313989877700806
20.399298667907715
20.238717794418335
20.288695096969604
19.730184316635132
19.634215593338013
19.5908362865448
19.63960552215576
19.606481552124023
19.609681844711304
19.645564079284668
19.462369441986084
19.51662540435791
19.546318769454956
19.643428087234497
19.45922327041626
19.616450309753418
19.507194995880127
19.539565086364746
19.512197494506836
19.64651370048523
19.457583904266357
19.579107999801636
19.564167737960815
19.473121166229248
19.5834801197052
19.551461935043335
19.50594711303711
19.47242021560669
19.692866802215576
19.514121770858765
19.634281396865845
19.506266832351685
19.474108695983887
19.56405258178711
19.48412322998047
19.553152322769165
19.45775055885315
19.515465021133423
19.525837421417236
19.47195529937744
19.557250499725342
19.44323754310608
19.554013967514038
19.50234031677246
19.504764556884766
19.540465354919434
19.49687957763672
19.506502151489258
19.47235417366028
19.467800617218018
19.460219621658325
19.511420011520386
19.552634716033936
19.57388210296631
19.497840642929077
19.699322938919067
19.546973705291748
19.52629828453064
19.573577880859375
19.55239510536194
19.49425482749939
19.59366512298584
19.536736011505127
19.567745447158813
19.541595697402954
19.536056756973267
19.5484881401062
19.74094867706299
19.526402235031128
19.681069374084473
19.620267629623413
