0.023598909378051758
7.915496826171875e-05
5.817413330078125e-05
5.817413330078125e-05
5.817413330078125e-05
5.745887756347656e-05
5.6743621826171875e-05
5.6743621826171875e-05
5.626678466796875e-05
5.698204040527344e-05
5.698204040527344e-05
5.698204040527344e-05
5.698204040527344e-05
5.650520324707031e-05
5.626678466796875e-05
5.602836608886719e-05
5.698204040527344e-05
5.745887756347656e-05
5.745887756347656e-05
5.745887756347656e-05
5.698204040527344e-05
5.650520324707031e-05
5.650520324707031e-05
5.7220458984375e-05
5.7220458984375e-05
5.745887756347656e-05
5.7220458984375e-05
5.6743621826171875e-05
5.6743621826171875e-05
5.698204040527344e-05
5.650520324707031e-05
5.7220458984375e-05
5.6743621826171875e-05
5.650520324707031e-05
5.7220458984375e-05
5.5789947509765625e-05
5.6743621826171875e-05
5.7697296142578125e-05
5.6743621826171875e-05
5.7220458984375e-05
5.650520324707031e-05
5.650520324707031e-05
5.6743621826171875e-05
5.6743621826171875e-05
5.698204040527344e-05
5.6743621826171875e-05
5.6743621826171875e-05
5.626678466796875e-05
5.6743621826171875e-05
5.650520324707031e-05
5.602836608886719e-05
5.698204040527344e-05
5.602836608886719e-05
5.650520324707031e-05
5.6743621826171875e-05
5.602836608886719e-05
5.936622619628906e-05
5.817413330078125e-05
5.6743621826171875e-05
5.7220458984375e-05
5.698204040527344e-05
5.7220458984375e-05
5.6743621826171875e-05
5.7220458984375e-05
5.698204040527344e-05
7.224082946777344e-05
5.6743621826171875e-05
5.6743621826171875e-05
5.698204040527344e-05
5.626678466796875e-05
5.7697296142578125e-05
5.7220458984375e-05
5.698204040527344e-05
5.626678466796875e-05
5.6743621826171875e-05
5.698204040527344e-05
5.6743621826171875e-05
5.698204040527344e-05
5.626678466796875e-05
5.698204040527344e-05
5.698204040527344e-05
5.626678466796875e-05
5.626678466796875e-05
5.6743621826171875e-05
5.745887756347656e-05
5.7220458984375e-05
5.6743621826171875e-05
5.650520324707031e-05
5.698204040527344e-05
5.745887756347656e-05
5.698204040527344e-05
5.602836608886719e-05
5.650520324707031e-05
5.626678466796875e-05
5.698204040527344e-05
5.698204040527344e-05
5.650520324707031e-05
5.626678466796875e-05
5.745887756347656e-05
5.698204040527344e-05
5.7220458984375e-05
5.698204040527344e-05
5.698204040527344e-05
5.6743621826171875e-05
5.6743621826171875e-05
5.7220458984375e-05
5.626678466796875e-05
5.602836608886719e-05
5.6743621826171875e-05
5.5789947509765625e-05
5.626678466796875e-05
5.745887756347656e-05
5.698204040527344e-05
5.602836608886719e-05
5.7697296142578125e-05
5.698204040527344e-05
5.6743621826171875e-05
5.626678466796875e-05
5.626678466796875e-05
5.7220458984375e-05
5.650520324707031e-05
5.602836608886719e-05
5.650520324707031e-05
5.626678466796875e-05
5.626678466796875e-05
5.626678466796875e-05
5.650520324707031e-05
5.626678466796875e-05
5.6743621826171875e-05
5.626678466796875e-05
5.6743621826171875e-05
5.698204040527344e-05
5.650520324707031e-05
5.6743621826171875e-05
5.7220458984375e-05
5.7697296142578125e-05
5.698204040527344e-05
5.698204040527344e-05
5.6743621826171875e-05
5.7220458984375e-05
5.626678466796875e-05
5.650520324707031e-05
5.650520324707031e-05
5.6743621826171875e-05
5.626678466796875e-05
5.650520324707031e-05
5.626678466796875e-05
5.650520324707031e-05
5.650520324707031e-05
5.650520324707031e-05
5.6743621826171875e-05
5.626678466796875e-05
5.745887756347656e-05
5.650520324707031e-05
5.7220458984375e-05
5.7220458984375e-05
5.6743621826171875e-05
5.626678466796875e-05
5.6743621826171875e-05
5.6743621826171875e-05
5.602836608886719e-05
5.698204040527344e-05
5.6743621826171875e-05
5.650520324707031e-05
5.650520324707031e-05
5.6743621826171875e-05
5.698204040527344e-05
5.5789947509765625e-05
5.602836608886719e-05
5.626678466796875e-05
5.745887756347656e-05
5.7220458984375e-05
5.6743621826171875e-05
5.7220458984375e-05
5.698204040527344e-05
5.745887756347656e-05
5.650520324707031e-05
5.650520324707031e-05
5.626678466796875e-05
5.626678466796875e-05
5.698204040527344e-05
5.602836608886719e-05
5.698204040527344e-05
5.6743621826171875e-05
5.698204040527344e-05
7.009506225585938e-05
5.6743621826171875e-05
5.626678466796875e-05
5.602836608886719e-05
5.602836608886719e-05
5.650520324707031e-05
5.650520324707031e-05
5.555152893066406e-05
5.698204040527344e-05
5.602836608886719e-05
5.626678466796875e-05
5.698204040527344e-05
5.626678466796875e-05
5.555152893066406e-05
5.6743621826171875e-05
