0.24550247192382812
0.00025773048400878906
0.0001838207244873047
0.00017547607421875
0.0001709461212158203
0.00017380714416503906
0.00017023086547851562
0.00017261505126953125
0.00016736984252929688
0.0001690387725830078
0.00016880035400390625
0.00017309188842773438
0.0001678466796875
0.0001685619354248047
0.0001697540283203125
0.0001697540283203125
0.00017070770263671875
0.0001690387725830078
0.00016808509826660156
0.00016999244689941406
0.00016760826110839844
0.00017118453979492188
0.00016832351684570312
0.0001671314239501953
0.00017023086547851562
0.0001685619354248047
0.0001761913299560547
0.00017333030700683594
0.0001678466796875
0.00017070770263671875
0.00017333030700683594
0.00016689300537109375
0.00017189979553222656
0.00017142295837402344
0.0001671314239501953
0.00016999244689941406
0.00016736984252929688
0.00016808509826660156
0.00016736984252929688
0.00017404556274414062
0.0001690387725830078
0.00016808509826660156
0.00016689300537109375
0.0001690387725830078
0.0001659393310546875
0.00016736984252929688
0.00016760826110839844
0.00016880035400390625
0.00016689300537109375
0.0001666545867919922
0.00016760826110839844
0.0001671314239501953
0.00016808509826660156
0.00016736984252929688
0.00016832351684570312
0.00016736984252929688
0.00016760826110839844
0.00016736984252929688
0.00016617774963378906
0.0001671314239501953
0.0001678466796875
0.00016736984252929688
0.00016736984252929688
0.00016832351684570312
0.00016999244689941406
0.00016689300537109375
0.0001685619354248047
0.00016736984252929688
0.0001671314239501953
0.00016832351684570312
0.00017023086547851562
0.00016736984252929688
0.00016689300537109375
0.00017118453979492188
0.0001678466796875
0.00016808509826660156
0.00016641616821289062
0.0001709461212158203
0.00016760826110839844
0.0001671314239501953
0.00016999244689941406
0.0001666545867919922
0.00017070770263671875
0.0001666545867919922
0.0001704692840576172
0.00016808509826660156
0.00016999244689941406
0.00016736984252929688
0.00016951560974121094
0.00016808509826660156
0.0001678466796875
0.00016880035400390625
0.00016760826110839844
0.0001685619354248047
0.00016951560974121094
0.0001671314239501953
0.00016808509826660156
0.00017452239990234375
0.0001685619354248047
0.00016832351684570312
0.0001742839813232422
0.00016880035400390625
0.00016760826110839844
0.0001671314239501953
0.0001678466796875
0.00016736984252929688
0.00016808509826660156
0.00016832351684570312
0.0001671314239501953
0.00016641616821289062
0.00016832351684570312
0.0001666545867919922
0.00016808509826660156
0.00016951560974121094
0.00016832351684570312
0.0001690387725830078
0.00016832351684570312
0.0001671314239501953
0.00016832351684570312
0.00016832351684570312
0.00016808509826660156
0.00016808509826660156
0.00016832351684570312
0.00016760826110839844
0.00016880035400390625
0.00016927719116210938
0.0001685619354248047
0.00016760826110839844
0.0001685619354248047
0.00017523765563964844
0.00016927719116210938
0.0001685619354248047
0.0001678466796875
0.00016832351684570312
0.00016760826110839844
0.0001678466796875
0.00016832351684570312
0.0001723766326904297
0.00016736984252929688
0.00016736984252929688
0.0001666545867919922
0.00017070770263671875
0.00016832351684570312
0.0001690387725830078
0.00016760826110839844
0.00016760826110839844
0.0001685619354248047
0.00016880035400390625
0.00016760826110839844
0.00016999244689941406
0.00016736984252929688
0.00016736984252929688
0.00016832351684570312
0.00016927719116210938
0.00016880035400390625
0.0001678466796875
0.00016880035400390625
0.00016808509826660156
0.00016760826110839844
0.00018668174743652344
0.0002551078796386719
0.00024580955505371094
0.00018215179443359375
0.000171661376953125
0.00017070770263671875
0.00016832351684570312
0.0001780986785888672
0.0001723766326904297
0.00016832351684570312
0.00016880035400390625
0.00017023086547851562
0.0001742839813232422
0.00017976760864257812
0.00017595291137695312
0.00016880035400390625
0.00016832351684570312
0.0001735687255859375
0.0001685619354248047
0.00016808509826660156
0.0001690387725830078
0.00016832351684570312
0.00016760826110839844
0.00016832351684570312
0.00016736984252929688
0.00016760826110839844
0.0001690387725830078
0.00016760826110839844
0.00016689300537109375
0.00016832351684570312
0.00016832351684570312
0.00016760826110839844
0.00016736984252929688
0.0001678466796875
0.00016760826110839844
0.00016760826110839844
0.00017142295837402344
0.0001671314239501953
0.00016880035400390625
0.00016617774963378906
0.00016617774963378906
