5.190731048583984
5.222956895828247
5.1904473304748535
5.194254398345947
5.198834657669067
5.228843688964844
5.260152578353882
5.2585108280181885
5.294759750366211
5.2008702754974365
5.206972122192383
5.202307462692261
5.207513332366943
5.206419229507446
5.205337762832642
5.207055330276489
5.2073974609375
5.218743801116943
5.207992315292358
5.2115702629089355
5.212038040161133
5.213006496429443
5.211280345916748
5.214186191558838
5.211011171340942
5.212738990783691
5.209751129150391
5.210304498672485
5.210647344589233
5.272823333740234
5.22424054145813
5.219910621643066
5.216511964797974
5.212977886199951
5.213696718215942
5.2169554233551025
5.219484567642212
5.215406656265259
5.215488910675049
5.217729568481445
5.2244579792022705
5.221915006637573
5.21828293800354
5.220292806625366
5.216574430465698
5.218039512634277
5.214520692825317
5.2158362865448
5.215665340423584
5.216093063354492
5.219445466995239
5.220661401748657
5.215474605560303
5.221752882003784
5.216809034347534
5.219102621078491
5.22110652923584
5.2188074588775635
5.218088865280151
5.218546152114868
5.22236442565918
5.225552797317505
5.221201658248901
5.222599506378174
5.2236082553863525
5.217306137084961
5.217799425125122
5.217386722564697
5.2196080684661865
5.219480276107788
5.22036075592041
5.219149827957153
5.221924781799316
5.225847959518433
5.2230753898620605
5.2219321727752686
5.223181962966919
5.221465587615967
5.2231268882751465
5.22184681892395
5.220771312713623
5.221533536911011
5.220124244689941
5.22325325012207
5.224783897399902
5.223873138427734
5.227725505828857
5.222911357879639
5.2216637134552
5.223709344863892
5.224880218505859
5.226795434951782
5.224397659301758
5.223168849945068
5.229705333709717
5.223540782928467
5.227195501327515
5.225661516189575
5.223236322402954
5.225289344787598
5.229682922363281
5.226595640182495
5.221787452697754
5.223482847213745
5.224289417266846
5.221975088119507
5.224814176559448
5.223005533218384
5.22372579574585
5.225796699523926
5.223935127258301
5.224871873855591
5.220740556716919
5.222187042236328
5.226086378097534
5.225175142288208
5.224396705627441
5.2275614738464355
5.226694107055664
5.2226457595825195
5.234553337097168
5.2249064445495605
5.2257080078125
5.22342324256897
5.222154378890991
5.225887060165405
5.224315881729126
5.228307008743286
5.238214015960693
5.2228240966796875
5.2213215827941895
5.223532438278198
5.2286107540130615
5.228816509246826
5.227857351303101
5.22421932220459
5.2268500328063965
5.224224805831909
5.223180770874023
5.2257349491119385
6.017398357391357
7.371728420257568
5.228326797485352
5.236281394958496
5.224203586578369
5.224101305007935
5.229982137680054
5.223860025405884
5.227537631988525
5.227570056915283
5.2249836921691895
5.225246906280518
5.223956108093262
5.2275004386901855
5.231611967086792
5.229879379272461
5.2263875007629395
5.2335755825042725
5.226431369781494
5.226394176483154
5.229380130767822
5.225708723068237
5.224585294723511
5.226268529891968
5.22886323928833
5.226923704147339
5.232133626937866
5.229449033737183
5.230877876281738
5.2269721031188965
5.22858452796936
5.229782819747925
5.228925943374634
5.226086616516113
5.229868412017822
5.2284369468688965
5.225586414337158
5.2305426597595215
5.22659969329834
5.225366115570068
5.238558292388916
5.226751089096069
5.227831602096558
5.2289345264434814
5.225610256195068
5.22906231880188
5.228161334991455
5.2253899574279785
5.2293312549591064
5.2281317710876465
5.228042364120483
5.228870391845703
5.229037761688232
5.228807210922241
5.229270696640015
5.231977224349976
5.233129262924194
5.233609199523926
5.224086284637451
5.224380254745483
