0.062238216400146484
0.0109710693359375
0.010936975479125977
0.009148359298706055
0.009095430374145508
0.009116888046264648
0.00912165641784668
0.00914311408996582
0.00913691520690918
0.009171247482299805
0.00916600227355957
0.009160995483398438
0.009168148040771484
0.00912332534790039
0.009152889251708984
0.009139537811279297
0.009148597717285156
0.009137153625488281
0.009116411209106445
0.009117364883422852
0.009127616882324219
0.009148120880126953
0.009142875671386719
0.009183883666992188
0.010391712188720703
0.009201765060424805
0.009229421615600586
0.009243011474609375
0.009140968322753906
0.009133577346801758
0.009165048599243164
0.009158849716186523
0.009188413619995117
0.009168863296508789
0.009151458740234375
0.009145736694335938
0.009151458740234375
0.009145975112915039
0.009118795394897461
0.009117841720581055
0.009127616882324219
0.009100675582885742
0.009134531021118164
0.009134531021118164
0.00919485092163086
0.009162187576293945
0.009179353713989258
0.009127378463745117
0.009113550186157227
0.009155988693237305
0.009122371673583984
0.009110212326049805
0.009131669998168945
0.009121894836425781
0.009102106094360352
0.009099721908569336
0.009112834930419922
0.009140729904174805
0.009149312973022461
0.00915980339050293
0.009161949157714844
0.009388923645019531
0.009244918823242188
0.009263038635253906
0.009226799011230469
0.009137868881225586
0.009125471115112305
0.009331464767456055
0.009123086929321289
0.00912022590637207
0.009156465530395508
0.0091552734375
0.009177446365356445
0.009207725524902344
0.009139060974121094
0.009152650833129883
0.009162187576293945
0.009127616882324219
0.009105920791625977
0.009140253067016602
0.009136676788330078
0.009134292602539062
0.009130716323852539
0.009104490280151367
0.009121417999267578
0.009146451950073242
0.009154558181762695
0.009155750274658203
0.009157657623291016
0.009144306182861328
0.00910639762878418
0.009166717529296875
0.009107828140258789
0.009115934371948242
0.009113073348999023
0.009125709533691406
0.00911569595336914
0.00913095474243164
0.009370088577270508
0.009285449981689453
0.009291648864746094
0.009184598922729492
0.009133338928222656
0.009155988693237305
0.009137630462646484
0.00912928581237793
0.009122133255004883
0.009116411209106445
0.00910496711730957
0.009155035018920898
0.009130716323852539
0.009191751480102539
0.009176969528198242
0.00917506217956543
0.009171009063720703
0.009169340133666992
0.009163856506347656
0.009150266647338867
0.009154319763183594
0.009125232696533203
0.009132146835327148
0.00911712646484375
0.009133577346801758
0.00911855697631836
0.009146451950073242
0.009183168411254883
0.009199142456054688
0.009138822555541992
0.009131908416748047
0.009160757064819336
0.009117364883422852
0.009124994277954102
0.009135007858276367
0.009107589721679688
0.01028132438659668
0.009285449981689453
0.009407758712768555
0.009304046630859375
0.009126901626586914
0.009123086929321289
0.009093284606933594
0.009108543395996094
0.009134769439697266
0.009137630462646484
0.009198188781738281
0.009142637252807617
0.009143352508544922
0.009150981903076172
0.009115219116210938
0.009138107299804688
0.009126663208007812
0.009099483489990234
0.00913381576538086
0.00912618637084961
0.009107828140258789
0.009134292602539062
0.009136676788330078
0.009130716323852539
0.009189844131469727
0.009218454360961914
0.009177446365356445
0.009168386459350586
0.009141683578491211
0.009142160415649414
0.009159564971923828
0.009138822555541992
0.009163141250610352
0.009138107299804688
0.009137868881225586
0.00912785530090332
0.009124040603637695
0.012897491455078125
0.009265422821044922
0.00927281379699707
0.009249687194824219
0.00919342041015625
0.009164571762084961
0.009172201156616211
0.009159564971923828
0.009135246276855469
0.009113311767578125
0.009105920791625977
0.009109973907470703
0.009151458740234375
0.009144306182861328
0.009131908416748047
0.00912332534790039
0.009135961532592773
0.009119033813476562
0.009143590927124023
0.009171485900878906
0.009144306182861328
0.009116172790527344
0.00909113883972168
0.009104013442993164
0.009088277816772461
0.009109973907470703
0.009120702743530273
0.00913095474243164
0.009120702743530273
