2.270000   -1.419099   12.143615   2.356656   0.000345   0.573754   167.873515   73.953090
2.275000   -1.406475   12.089057   2.335768   0.016158   0.535737   198.724582   87.351465
2.280000   -1.395390   12.314075   2.368820   0.126792   0.503479   229.621991   100.711400
2.285000   -1.385202   12.382560   2.371581   -0.107307   0.482013   224.949657   98.446239
2.290000   -1.370799   12.101923   2.307722   0.051369   0.427542   252.063734   110.071500
2.295000   -1.362425   11.624470   2.207028   -0.028577   0.418307   234.488791   102.173765
2.300000   -1.349638   11.212739   2.119610   0.018956   0.372068   239.738692   104.234214
2.305000   -1.341708   11.174638   2.103253   -0.050358   0.358566   237.744168   103.142806
2.310000   -1.331528   10.479900   1.963962   0.060580   0.330986   219.497486   95.020557
2.315000   -1.321433   9.709120   1.811665   0.044976   0.304967   197.096908   85.139053
2.320000   -1.311911   9.249661   1.718501   0.031403   0.274583   184.415052   79.489247
