2.270000   -1.416765   13.360470   2.592806   -0.132455   0.546299   297.217261   130.932714
2.275000   -1.408763   12.571913   2.429062   -0.221157   0.543948   255.240149   112.193472
2.280000   -1.394968   12.667000   2.436711   -0.038670   0.492983   291.095254   127.673357
2.285000   -1.384721   12.697933   2.431984   -0.118721   0.467546   317.775760   139.070355
2.290000   -1.369711   12.114401   2.310101   0.025036   0.395200   366.428926   160.012631
2.295000   -1.357679   11.586056   2.199734   -0.039293   0.355039   343.824441   149.814571
2.300000   -1.347375   11.023490   2.083836   -0.065115   0.323756   331.887880   144.299078
2.305000   -1.338943   10.578920   1.991129   0.021980   0.311530   300.738691   130.472317
2.310000   -1.328588   9.985390   1.871290   -0.038942   0.277304   270.810869   117.234142
2.315000   -1.318001   9.637035   1.798214   0.000600   0.236149   250.710689   108.298354
2.320000   -1.311536   9.434807   1.752900   -0.044055   0.238965   242.250763   104.418432
