2.270000   -1.426065   10.203996   1.980243   0.195142   0.627763   49.272412   21.705908
2.275000   -1.418064   10.192290   1.969287   0.007919   0.617764   49.831432   21.903926
2.280000   -1.408271   10.387274   1.998167   -0.066719   0.598891   55.526973   24.353935
2.285000   -1.399149   10.410878   1.993953   -0.019230   0.586889   56.762391   24.841309
2.290000   -1.389162   10.450782   1.992865   0.036543   0.569561   60.218247   26.296178
2.295000   -1.378431   10.679783   2.027669   0.023121   0.546023   66.034653   28.773269
2.300000   -1.369083   10.570526   1.998209   -0.124341   0.534469   64.560312   28.069701
2.305000   -1.357222   10.594488   1.994060   0.016428   0.509274   69.017961   29.942716
2.310000   -1.347659   10.536696   1.974606   -0.029011   0.490219   71.411765   30.914184
2.315000   -1.339815   10.318462   1.925365   0.027195   0.479041   71.061850   30.696264
2.320000   -1.327544   9.940242   1.846805   -0.013178   0.448280   72.088663   31.072699
