2.270000   -1.423219   11.221372   2.177681   -0.026029   0.601359   97.427993   42.919821
2.275000   -1.411251   11.544408   2.230534   -0.018174   0.572581   115.710910   50.861939
2.280000   -1.402012   11.427979   2.198365   -0.088896   0.558966   112.569976   49.372797
2.285000   -1.389071   11.531078   2.208501   0.015312   0.521049   132.395066   57.940948
2.290000   -1.381556   11.375891   2.169274   0.112327   0.517018   123.228299   53.811484
2.295000   -1.367382   11.304989   2.146371   0.037451   0.471232   140.276859   61.122815
2.300000   -1.356907   11.379880   2.151206   0.078342   0.442959   151.748356   65.977546
2.305000   -1.346706   10.955952   2.062093   0.035156   0.421959   145.567415   63.152892
2.310000   -1.336812   10.571164   1.981066   -0.040962   0.399742   143.591556   62.160847
2.315000   -1.325624   10.132762   1.890714   0.043235   0.370146   136.449656   58.941536
2.320000   -1.317256   9.906018   1.840446   -0.037583   0.353491   134.762411   58.087246
