0.0000  1.00000000  0.00000000  0.00000000  6.28318531
0.0010  1.00000000  0.00628319 -0.03947842  6.28293726
0.0020  0.99996052  0.01256612 -0.07895294  6.28244120
0.0030  0.99988157  0.01884856 -0.11842201  6.28169717
0.0040  0.99976315  0.02513026 -0.15788406  6.28070525
0.0050  0.99960526  0.03141097 -0.19733755  6.27946548
0.0060  0.99940793  0.03769043 -0.23678092  6.27797797
0.0070  0.99917114  0.04396841 -0.27621261  6.27624278
0.0080  0.99889493  0.05024465 -0.31563107  6.27426002
0.0090  0.99857930  0.05651891 -0.35503475  6.27202980
0.0100  0.99822427  0.06279094 -0.39442209  6.26955223
0.0110  0.99782984  0.06906049 -0.43379154  6.26682745
0.0120  0.99739605  0.07532732 -0.47314155  6.26385558
0.0130  0.99692291  0.08159118 -0.51247058  6.26063677
0.0140  0.99641044  0.08785181 -0.55177707  6.25717118
0.0150  0.99585866  0.09410899 -0.59105948  6.25345898
0.0160  0.99526760  0.10036244 -0.63031626  6.24950034
0.0170  0.99463729  0.10661194 -0.66954588  6.24529545
0.0180  0.99396774  0.11285724 -0.70874678  6.24084449
0.0190  0.99325899  0.11909808 -0.74791743  6.23614768
0.0200  0.99251108  0.12533423 -0.78705629  6.23120523
0.0210  0.99172402  0.13156544 -0.82616182  6.22601736
0.0220  0.99089786  0.13779145 -0.86523248  6.22058430
0.0230  0.99003263  0.14401204 -0.90426674  6.21490630
0.0240  0.98912836  0.15022695 -0.94326307  6.20898361
0.0250  0.98818510  0.15643593 -0.98221993  6.20281650
0.0260  0.98720288  0.16263875 -1.02113580  6.19640522
0.0270  0.98618174  0.16883515 -1.06000915  6.18975007
0.0280  0.98512173  0.17502490 -1.09883846  6.18285134
0.0290  0.98402289  0.18120775 -1.13762220  6.17570931
0.0300  0.98288527  0.18738346 -1.17635885  6.16832431
0.0310  0.98170891  0.19355179 -1.21504690  6.16069665
0.0320  0.98049387  0.19971248 -1.25368483  6.15282666
0.0330  0.97924018  0.20586531 -1.29227112  6.14471468
0.0340  0.97794791  0.21201002 -1.33080426  6.13636105
0.0350  0.97661711  0.21814638 -1.36928275  6.12776614
0.0360  0.97524782  0.22427415 -1.40770507  6.11893030
0.0370  0.97384012  0.23039308 -1.44606973  6.10985391
0.0380  0.97239405  0.23650294 -1.48437522  6.10053735
0.0390  0.97090967  0.24260347 -1.52262004  6.09098103
0.0400  0.96938705  0.24869445 -1.56080270  6.08118534
0.0410  0.96782625  0.25477564 -1.59892171  6.07115069
0.0420  0.96622733  0.26084679 -1.63697557  6.06087751
0.0430  0.96459035  0.26690767 -1.67496279  6.05036623
0.0440  0.96291539  0.27295803 -1.71288190  6.03961729
0.0450  0.96120251  0.27899765 -1.75073141  6.02863113
0.0460  0.95945178  0.28502628 -1.78850983  6.01740821
0.0470  0.95766327  0.29104369 -1.82621571  6.00594901
0.0480  0.95583705  0.29704964 -1.86384756  5.99425400
0.0490  0.95397320  0.30304389 -1.90140391  5.98232366
0.0500  0.95207180  0.30902622 -1.93888331  5.97015849
0.0510  0.95013292  0.31499638 -1.97628428  5.95775899
0.0520  0.94815663  0.32095413 -2.01360537  5.94512568
0.0530  0.94614303  0.32689926 -2.05084512  5.93225908
0.0540  0.94409218  0.33283152 -2.08800209  5.91915971
0.0550  0.94200418  0.33875068 -2.12507481  5.90582812
0.0560  0.93987910  0.34465651 -2.16206185  5.89226486
0.0570  0.93771704  0.35054877 -2.19896177  5.87847049
0.0580  0.93551808  0.35642724 -2.23577313  5.86444556
0.0590  0.93328231  0.36229169 -2.27249449  5.85019067
0.0600  0.93100981  0.36814188 -2.30912443  5.83570638
0.0610  0.92870069  0.37397758 -2.34566151  5.82099329
0.0620  0.92635503  0.37979858 -2.38210432  5.80605202
0.0630  0.92397292  0.38560463 -2.41845144  5.79088315
0.0640  0.92155447  0.39139551 -2.45470146  5.77548733
0.0650  0.91909977  0.39717100 -2.49085295  5.75986516
0.0660  0.91660892  0.40293087 -2.52690453  5.74401730
0.0670  0.91408201  0.40867488 -2.56285479  5.72794438
0.0680  0.91151916  0.41440283 -2.59870232  5.71164706
0.0690  0.90892046  0.42011447 -2.63444574  5.69512600
0.0700  0.90628601  0.42580960 -2.67008365  5.67838188
0.0710  0.90361593  0.43148798 -2.70561468  5.66141536
0.0720  0.90091031  0.43714940 -2.74103744  5.64422715
0.0730  0.89816927  0.44279362 -2.77635056  5.62681793
0.0740  0.89539292  0.44842044 -2.81155267  5.60918842
0.0750  0.89258137  0.45402963 -2.84664240  5.59133932
0.0760  0.88973473  0.45962097 -2.88161838  5.57327135
0.0770  0.88685311  0.46519424 -2.91647926  5.55498525
0.0780  0.88393663  0.47074923 -2.95122370  5.53648176
0.0790  0.88098541  0.47628571 -2.98585034  5.51776162
0.0800  0.87799956  0.48180347 -3.02035783  5.49882558
0.0810  0.87497920  0.48730230 -3.05474485  5.47967442
0.0820  0.87192445  0.49278197 -3.08901005  5.46030889
0.0830  0.86883544  0.49824228 -3.12315212  5.44072978
0.0840  0.86571229  0.50368301 -3.15716972  5.42093789
0.0850  0.86255512  0.50910395 -3.19106155  5.40093399
0.0860  0.85936406  0.51450488 -3.22482628  5.38071890
0.0870  0.85613923  0.51988560 -3.25846262  5.36029343
0.0880  0.85288077  0.52524589 -3.29196925  5.33965840
0.0890  0.84958880  0.53058555 -3.32534488  5.31881464
0.0900  0.84626346  0.53590437 -3.35858823  5.29776297
0.0910  0.84290487  0.54120213 -3.39169800  5.27650425
0.0920  0.83951317  0.54647863 -3.42467291  5.25503933
0.0930  0.83608850  0.55173367 -3.45751169  5.23336906
0.0940  0.83263099  0.55696704 -3.49021307  5.21149432
0.0950  0.82914077  0.56217854 -3.52277579  5.18941597
0.0960  0.82561800  0.56736795 -3.55519858  5.16713490
0.0970  0.82206280  0.57253509 -3.58748020  5.14465200
0.0980  0.81847532  0.57767974 -3.61961939  5.12196816
0.0990  0.81485570  0.58280171 -3.65161491  5.09908430
0.1000  0.81120408  0.58790079 -3.68346554  5.07600132
0.1010  0.80752062  0.59297679 -3.71517003  5.05272014
0.1020  0.80380545  0.59802951 -3.74672717  5.02924170
0.1030  0.80005872  0.60305875 -3.77813574  5.00556692
0.1040  0.79628059  0.60806432 -3.80939452  4.98169675
0.1050  0.79247119  0.61304602 -3.84050232  4.95763214
0.1060  0.78863069  0.61800365 -3.87145792  4.93337405
0.1070  0.78475923  0.62293702 -3.90226014  4.90892344
0.1080  0.78085697  0.62784595 -3.93290778  4.88428129
0.1090  0.77692406  0.63273023 -3.96339967  4.85944856
0.1100  0.77296066  0.63758968 -3.99373464  4.83442626
0.1110  0.76896693  0.64242410 -4.02391150  4.80921536
0.1120  0.76494302  0.64723332 -4.05392910  4.78381688
0.1130  0.76088909  0.65201714 -4.08378629  4.75823181
0.1140  0.75680530  0.65677537 -4.11348191  4.73246118
0.1150  0.75269182  0.66150783 -4.14301481  4.70650600
0.1160  0.74854881  0.66621434 -4.17238387  4.68036731
0.1170  0.74437642  0.67089470 -4.20158795  4.65404613
0.1180  0.74017483  0.67554875 -4.23062593  4.62754352
0.1190  0.73594421  0.68017629 -4.25949668  4.60086051
0.1200  0.73168471  0.68477715 -4.28819911  4.57399817
0.1210  0.72739651  0.68935115 -4.31673210  4.54695756
0.1220  0.72307978  0.69389811 -4.34509455  4.51973974
0.1230  0.71873469  0.69841785 -4.37328538  4.49234579
0.1240  0.71436140  0.70291019 -4.40130351  4.46477680
0.1250  0.70996010  0.70737497 -4.42914784  4.43703385
0.1260  0.70553095  0.71181200 -4.45681733  4.40911804
0.1270  0.70107413  0.71622112 -4.48431089  4.38103046
0.1280  0.69658982  0.72060215 -4.51162748  4.35277224
0.1290  0.69207819  0.72495493 -4.53876604  4.32434448
0.1300  0.68753943  0.72927927 -4.56572554  4.29574830
0.1310  0.68297370  0.73357502 -4.59250493  4.26698483
0.1320  0.67838120  0.73784200 -4.61910319  4.23805520
0.1330  0.67376209  0.74208006 -4.64551930  4.20896056
0.1340  0.66911657  0.74628902 -4.67175224  4.17970204
0.1350  0.66444482  0.75046872 -4.69780101  4.15028081
0.1360  0.65974702  0.75461900 -4.72366461  4.12069801
0.1370  0.65502336  0.75873970 -4.74934204  4.09095482
0.1380  0.65027401  0.76283065 -4.77483232  4.06105240
0.1390  0.64549918  0.76689171 -4.80013447  4.03099193
0.1400  0.64069905  0.77092270 -4.82524752  4.00077458
0.1410  0.63587380  0.77492347 -4.85017051  3.97040156
0.1420  0.63102363  0.77889388 -4.87490249  3.93987405
0.1430  0.62614873  0.78283375 -4.89944249  3.90919324
0.1440  0.62124928  0.78674294 -4.92378960  3.87836035
0.1450  0.61632549  0.79062130 -4.94794286  3.84737659
0.1460  0.61137755  0.79446868 -4.97190135  3.81624317
0.1470  0.60640565  0.79828492 -4.99566417  3.78496131
0.1480  0.60140999  0.80206988 -5.01923039  3.75353224
0.1490  0.59639076  0.80582342 -5.04259911  3.72195719
0.1500  0.59134816  0.80954537 -5.06576945  3.69023741
0.1510  0.58628239  0.81323561 -5.08874051  3.65837412
0.1520  0.58119365  0.81689398 -5.11151140  3.62636859
0.1530  0.57608214  0.82052035 -5.13408127  3.59422207
0.1540  0.57094805  0.82411458 -5.15644925  3.56193582
0.1550  0.56579160  0.82767651 -5.17861448  3.52951109
0.1560  0.56061299  0.83120602 -5.20057611  3.49694917
0.1570  0.55541241  0.83470297 -5.22233330  3.46425131
0.1580  0.55019008  0.83816722 -5.24388522  3.43141882
0.1590  0.54494620  0.84159864 -5.26523105  3.39845296
0.1600  0.53968096  0.84499709 -5.28636996  3.36535503
0.1610  0.53439459  0.84836245 -5.30730116  3.33212632
0.1620  0.52908729  0.85169458 -5.32802384  3.29876814
0.1630  0.52375927  0.85499334 -5.34853720  3.26528178
0.1640  0.51841073  0.85825863 -5.36884047  3.23166856
0.1650  0.51304189  0.86149029 -5.38893287  3.19792978
0.1660  0.50765296  0.86468822 -5.40881362  3.16406677
0.1670  0.50224415  0.86785229 -5.42848198  3.13008085
0.1680  0.49681566  0.87098237 -5.44793719  3.09597335
0.1690  0.49136773  0.87407835 -5.46717850  3.06174560
0.1700  0.48590055  0.87714009 -5.48620518  3.02739893
0.1710  0.48041434  0.88016749 -5.50501650  2.99293469
0.1720  0.47490933  0.88316042 -5.52361175  2.95835422
0.1730  0.46938571  0.88611878 -5.54199022  2.92365886
0.1740  0.46384372  0.88904244 -5.56015119  2.88884998
0.1750  0.45828357  0.89193129 -5.57809399  2.85392894
0.1760  0.45270548  0.89478522 -5.59581793  2.81889708
0.1770  0.44710966  0.89760411 -5.61332232  2.78375578
0.1780  0.44149634  0.90038787 -5.63060650  2.74850641
0.1790  0.43586573  0.90313638 -5.64766981  2.71315035
0.1800  0.43021806  0.90584953 -5.66451160  2.67768896
0.1810  0.42455355  0.90852722 -5.68113123  2.64212364
0.1820  0.41887242  0.91116934 -5.69752806  2.60645576
0.1830  0.41317489  0.91377579 -5.71370147  2.57068672
0.1840  0.40746119  0.91634648 -5.72965084  2.53481791
0.1850  0.40173154  0.91888130 -5.74537556  2.49885072
0.1860  0.39598616  0.92138015 -5.76087504  2.46278657
0.1870  0.39022529  0.92384294 -5.77614867  2.42662684
0.1880  0.38444914  0.92626956 -5.79119588  2.39037295
0.1890  0.37865794  0.92865994 -5.80601610  2.35402631
0.1900  0.37285193  0.93101396 -5.82060876  2.31758834
0.1910  0.36703132  0.93333155 -5.83497331  2.28106044
0.1920  0.36119635  0.93561261 -5.84910918  2.24444405
0.1930  0.35534724  0.93785706 -5.86301586  2.20774058
0.1940  0.34948422  0.94006480 -5.87669281  2.17095147
0.1950  0.34360753  0.94223575 -5.89013950  2.13407814
0.1960  0.33771739  0.94436983 -5.90335542  2.09712204
0.1970  0.33181403  0.94646695 -5.91634008  2.06008458
0.1980  0.32589769  0.94852703 -5.92909297  2.02296722
0.1990  0.31996860  0.95055000 -5.94161361  1.98577140
0.2000  0.31402699  0.95253577 -5.95390152  1.94849856
0.2010  0.30807308  0.95448427 -5.96595624  1.91115015
0.2020  0.30210713  0.95639542 -5.97777731  1.87372762
0.2030  0.29612935  0.95826915 -5.98936427  1.83623243
0.2040  0.29013999  0.96010538 -6.00071668  1.79866603
0.2050  0.28413927  0.96190405 -6.01183412  1.76102988
0.2060  0.27812744  0.96366508 -6.02271616  1.72332544
0.2070  0.27210472  0.96538840 -6.03336238  1.68555419
0.2080  0.26607136  0.96707396 -6.04377238  1.64771757
0.2090  0.26002759  0.96872167 -6.05394576  1.60981707
0.2100  0.25397364  0.97033149 -6.06388214  1.57185416
0.2110  0.24790976  0.97190334 -6.07358113  1.53383030
0.2120  0.24183618  0.97343717 -6.08304237  1.49574697
0.2130  0.23575313  0.97493292 -6.09226550  1.45760566
0.2140  0.22966087  0.97639053 -6.10125017  1.41940784
0.2150  0.22355962  0.97780993 -6.10999603  1.38115500
0.2160  0.21744962  0.97919109 -6.11850276  1.34284861
0.2170  0.21133112  0.98053394 -6.12677002  1.30449017
0.2180  0.20520435  0.98183843 -6.13479751  1.26608116
0.2190  0.19906955  0.98310451 -6.14258492  1.22762308
0.2200  0.19292697  0.98433213 -6.15013194  1.18911741
0.2210  0.18677684  0.98552125 -6.15743831  1.15056565
0.2220  0.18061940  0.98667182 -6.16450373  1.11196929
0.2230  0.17445489  0.98778378 -6.17132793  1.07332984
0.2240  0.16828357  0.98885711 -6.17791067  1.03464878
0.2250  0.16210565  0.98989176 -6.18425169  0.99592762
0.2260  0.15592140  0.99088769 -6.19035074  0.95716786
0.2270  0.14973105  0.99184486 -6.19620760  0.91837101
0.2280  0.14353484  0.99276323 -6.20182204  0.87953857
0.2290  0.13733302  0.99364277 -6.20719384  0.84067203
0.2300  0.13112583  0.99448344 -6.21232282  0.80177292
0.2310  0.12491351  0.99528521 -6.21720876  0.76284274
0.2320  0.11869630  0.99604806 -6.22185148  0.72388299
0.2330  0.11247445  0.99677194 -6.22625082  0.68489519
0.2340  0.10624819  0.99745683 -6.23040659  0.64588085
0.2350  0.10001779  0.99810272 -6.23431864  0.60684148
0.2360  0.09378347  0.99870956 -6.23798683  0.56777860
0.2370  0.08754548  0.99927734 -6.24141101  0.52869371
0.2380  0.08130407  0.99980603 -6.24459105  0.48958833
0.2390  0.07505948  1.00029562 -6.24752684  0.45046399
0.2400  0.06881195  1.00074608 -6.25021825  0.41132218
0.2410  0.06256174  1.00115740 -6.25266520  0.37216444
0.2420  0.05630907  1.00152957 -6.25486758  0.33299228
0.2430  0.05005420  1.00186256 -6.25682531  0.29380722
0.2440  0.04379738  1.00215637 -6.25853831  0.25461077
0.2450  0.03753884  1.00241098 -6.26000653  0.21540445
0.2460  0.03127883  1.00262638 -6.26122991  0.17618979
0.2470  0.02501760  1.00280257 -6.26220840  0.13696830
0.2480  0.01875539  1.00293954 -6.26294195  0.09774150
0.2490  0.01249245  1.00303728 -6.26343055  0.05851092
0.2500  0.00622902  1.00309579 -6.26367418  0.01927806
0.2510 -0.00003465  1.00311507 -6.26367283 -0.01995553
0.2520 -0.00629833  1.00309512 -6.26342649 -0.05918836
0.2530 -0.01256175  1.00303593 -6.26293518 -0.09841889
0.2540 -0.01882469  1.00293751 -6.26219891 -0.13764561
0.2550 -0.02508689  1.00279986 -6.26121771 -0.17686699
0.2560 -0.03134810  1.00262300 -6.25999163 -0.21608153
0.2570 -0.03760810  1.00240691 -6.25852070 -0.25528768
0.2580 -0.04386662  1.00215163 -6.25680498 -0.29448395
0.2590 -0.05012342  1.00185714 -6.25484455 -0.33366881
0.2600 -0.05637827  1.00152347 -6.25263946 -0.37284073
0.2610 -0.06263090  1.00115063 -6.25018981 -0.41199821
0.2620 -0.06888109  1.00073864 -6.24749569 -0.45113972
0.2630 -0.07512859  1.00028750 -6.24455720 -0.49026375
0.2640 -0.08137315  0.99979723 -6.24137446 -0.52936878
0.2650 -0.08761452  0.99926786 -6.23794758 -0.56845330
0.2660 -0.09385247  0.99869941 -6.23427669 -0.60751579
0.2670 -0.10008675  0.99809189 -6.23036194 -0.64655474
0.2680 -0.10631711  0.99744534 -6.22620347 -0.68556863
0.2690 -0.11254331  0.99675977 -6.22180145 -0.72455596
0.2700 -0.11876511  0.99603521 -6.21715603 -0.76351520
0.2710 -0.12498227  0.99527170 -6.21226740 -0.80244486
0.2720 -0.13119454  0.99446925 -6.20713574 -0.84134341
0.2730 -0.13740167  0.99362791 -6.20176124 -0.88020936
0.2740 -0.14360343  0.99274770 -6.19614412 -0.91904120
0.2750 -0.14979958  0.99182866 -6.19028458 -0.95783741
0.2760 -0.15598986  0.99087082 -6.18418286 -0.99659651
0.2770 -0.16217405  0.98987423 -6.17783917 -1.03531698
0.2780 -0.16835188  0.98883891 -6.17125376 -1.07399731
0.2790 -0.17452314  0.98776491 -6.16442688 -1.11263603
0.2800 -0.18068756  0.98665228 -6.15735880 -1.15123161
0.2810 -0.18684492  0.98550104 -6.15004977 -1.18978257
0.2820 -0.19299497  0.98431126 -6.14250008 -1.22828742
0.2830 -0.19913747  0.98308297 -6.13471002 -1.26674465
0.2840 -0.20527218  0.98181623 -6.12667989 -1.30515277
0.2850 -0.21139886  0.98051108 -6.11840998 -1.34351031
0.2860 -0.21751727  0.97916757 -6.10990061 -1.38181576
0.2870 -0.22362717  0.97778575 -6.10115211 -1.42006764
0.2880 -0.22972833  0.97636568 -6.09216480 -1.45826447
0.2890 -0.23582049  0.97490742 -6.08293904 -1.49640476
0.2900 -0.24190343  0.97341101 -6.07347518 -1.53448703
0.2910 -0.24797691  0.97187653 -6.06377356 -1.57250982
0.2920 -0.25404068  0.97030402 -6.05383457 -1.61047163
0.2930 -0.26009451  0.96869355 -6.04365858 -1.64837100
0.2940 -0.26613817  0.96704517 -6.03324597 -1.68620645
0.2950 -0.27217142  0.96535897 -6.02259715 -1.72397652
0.2960 -0.27819401  0.96363499 -6.01171252 -1.76167974
0.2970 -0.28420573  0.96187331 -6.00059250 -1.79931464
0.2980 -0.29020632  0.96007400 -5.98923750 -1.83687977
0.2990 -0.29619556  0.95823712 -5.97764797 -1.87437366
0.3000 -0.30217321  0.95636274 -5.96582433 -1.91179486
0.3010 -0.30813903  0.95445095 -5.95376705 -1.94914191
0.3020 -0.31409280  0.95250181 -5.94147658 -1.98641336
0.3030 -0.32003427  0.95051539 -5.92895339 -2.02360776
0.3040 -0.32596323  0.94849179 -5.91619796 -2.06072368
0.3050 -0.33187942  0.94643106 -5.90321077 -2.09775966
0.3060 -0.33778264  0.94433330 -5.88999232 -2.13471426
0.3070 -0.34367263  0.94219859 -5.87654311 -2.17158606
0.3080 -0.34954917  0.94002700 -5.86286365 -2.20837360
0.3090 -0.35541203  0.93781863 -5.84895447 -2.24507548
0.3100 -0.36126099  0.93557355 -5.83481610 -2.28169025
0.3110 -0.36709581  0.93329186 -5.82044907 -2.31821649
0.3120 -0.37291625  0.93097365 -5.80585394 -2.35465278
0.3130 -0.37872211  0.92861899 -5.79103125 -2.39099771
0.3140 -0.38451314  0.92622800 -5.77598158 -2.42724986
0.3150 -0.39028912  0.92380075 -5.76070550 -2.46340781
0.3160 -0.39604983  0.92133734 -5.74520359 -2.49947017
0.3170 -0.40179503  0.91883787 -5.72947644 -2.53543552
0.3180 -0.40752451  0.91630243 -5.71352465 -2.57130247
0.3190 -0.41323803  0.91373113 -5.69734884 -2.60706961
0.3200 -0.41893538  0.91112406 -5.68094961 -2.64273557
0.3210 -0.42461633  0.90848133 -5.66432760 -2.67829894
0.3220 -0.43028066  0.90580303 -5.64748343 -2.71375834
0.3230 -0.43592814  0.90308927 -5.63041776 -2.74911239
0.3240 -0.44155856  0.90034016 -5.61313123 -2.78435972
0.3250 -0.44717169  0.89755580 -5.59562450 -2.81949894
0.3260 -0.45276731  0.89473630 -5.57789825 -2.85452869
0.3270 -0.45834521  0.89188177 -5.55995314 -2.88944760
0.3280 -0.46390517  0.88899232 -5.54178986 -2.92425431
0.3290 -0.46944696  0.88606807 -5.52340911 -2.95894746
0.3300 -0.47497036  0.88310912 -5.50481159 -2.99352570
0.3310 -0.48047518  0.88011559 -5.48599801 -3.02798768
0.3320 -0.48596117  0.87708761 -5.46696909 -3.06233206
0.3330 -0.49142814  0.87402527 -5.44772555 -3.09655749
0.3340 -0.49687587  0.87092872 -5.42826813 -3.13066263
0.3350 -0.50230414  0.86779805 -5.40859758 -3.16464616
0.3360 -0.50771273  0.86463341 -5.38871464 -3.19850675
0.3370 -0.51310145  0.86143490 -5.36862008 -3.23224307
0.3380 -0.51847007  0.85820266 -5.34831466 -3.26585381
0.3390 -0.52381838  0.85493680 -5.32779917 -3.29933766
0.3400 -0.52914618  0.85163747 -5.30707437 -3.33269330
0.3410 -0.53445326  0.84830477 -5.28614108 -3.36591943
0.3420 -0.53973940  0.84493885 -5.26500008 -3.39901475
0.3430 -0.54500440  0.84153984 -5.24365220 -3.43197796
0.3440 -0.55024805  0.83810786 -5.22209823 -3.46480779
0.3450 -0.55547015  0.83464305 -5.20033902 -3.49750293
0.3460 -0.56067049  0.83114555 -5.17837538 -3.53006212
0.3470 -0.56584886  0.82761549 -5.15620817 -3.56248408
0.3480 -0.57100507  0.82405300 -5.13383823 -3.59476754
0.3490 -0.57613891  0.82045824 -5.11126642 -3.62691123
0.3500 -0.58125018  0.81683132 -5.08849359 -3.65891389
0.3510 -0.58633867  0.81317241 -5.06552064 -3.69077428
0.3520 -0.59140419  0.80948164 -5.04234842 -3.72249114
0.3530 -0.59644654  0.80575915 -5.01897784 -3.75406322
0.3540 -0.60146552  0.80200508 -4.99540978 -3.78548930
0.3550 -0.60646093  0.79821959 -4.97164515 -3.81676814
0.3560 -0.61143257  0.79440282 -4.94768486 -3.84789850
0.3570 -0.61638026  0.79055493 -4.92352983 -3.87887918
0.3580 -0.62130379  0.78667605 -4.89918099 -3.90970895
0.3590 -0.62620297  0.78276634 -4.87463926 -3.94038660
0.3600 -0.63107761  0.77882595 -4.84990559 -3.97091093
0.3610 -0.63592751  0.77485504 -4.82498094 -4.00128075
0.3620 -0.64075249  0.77085376 -4.79986624 -4.03149484
0.3630 -0.64555236  0.76682226 -4.77456247 -4.06155204
0.3640 -0.65032692  0.76276071 -4.74907060 -4.09145115
0.3650 -0.65507599  0.75866926 -4.72339161 -4.12119100
0.3660 -0.65979938  0.75454807 -4.69752647 -4.15077042
0.3670 -0.66449691  0.75039730 -4.67147620 -4.18018826
0.3680 -0.66916839  0.74621711 -4.64524177 -4.20944334
0.3690 -0.67381363  0.74200767 -4.61882421 -4.23853451
0.3700 -0.67843245  0.73776913 -4.59222453 -4.26746064
0.3710 -0.68302468  0.73350167 -4.56544375 -4.29622059
0.3720 -0.68759012  0.72920545 -4.53848289 -4.32481321
0.3730 -0.69212860  0.72488064 -4.51134299 -4.35323738
0.3740 -0.69663995  0.72052740 -4.48402510 -4.38149199
0.3750 -0.70112397  0.71614591 -4.45653027 -4.40957591
0.3760 -0.70558050  0.71173633 -4.42885955 -4.43748804
0.3770 -0.71000936  0.70729885 -4.40101401 -4.46522728
0.3780 -0.71441038  0.70283362 -4.37299472 -4.49279254
0.3790 -0.71878337  0.69834083 -4.34480275 -4.52018271
0.3800 -0.72312817  0.69382064 -4.31643919 -4.54739673
0.3810 -0.72744461  0.68927325 -4.28790513 -4.57443351
0.3820 -0.73173252  0.68469881 -4.25920167 -4.60129200
0.3830 -0.73599172  0.68009752 -4.23032992 -4.62797111
0.3840 -0.74022205  0.67546955 -4.20129098 -4.65446981
0.3850 -0.74442334  0.67081508 -4.17208597 -4.68078704
0.3860 -0.74859543  0.66613429 -4.14271602 -4.70692175
0.3870 -0.75273814  0.66142737 -4.11318226 -4.73287293
0.3880 -0.75685132  0.65669450 -4.08348583 -4.75863953
0.3890 -0.76093481  0.65193586 -4.05362787 -4.78422053
0.3900 -0.76498844  0.64715164 -4.02360952 -4.80961492
0.3910 -0.76901205  0.64234202 -3.99343196 -4.83482170
0.3920 -0.77300548  0.63750720 -3.96309634 -4.85983987
0.3930 -0.77696858  0.63264736 -3.93260383 -4.88466842
0.3940 -0.78090118  0.62776269 -3.90195561 -4.90930638
0.3950 -0.78480314  0.62285339 -3.87115285 -4.93375277
0.3960 -0.78867429  0.61791963 -3.84019675 -4.95800661
0.3970 -0.79251448  0.61296163 -3.80908851 -4.98206694
0.3980 -0.79632357  0.60797956 -3.77782932 -5.00593280
0.3990 -0.80010140  0.60297363 -3.74642038 -5.02960325
0.4000 -0.80384782  0.59794403 -3.71486292 -5.05307734
0.4010 -0.80756269  0.59289095 -3.68315814 -5.07635414
0.4020 -0.81124584  0.58781459 -3.65130729 -5.09943272
0.4030 -0.81489715  0.58271516 -3.61931157 -5.12231215
0.4040 -0.81851646  0.57759285 -3.58717224 -5.14499154
0.4050 -0.82210364  0.57244786 -3.55489052 -5.16746996
0.4060 -0.82565853  0.56728039 -3.52246768 -5.18974654
0.4070 -0.82918099  0.56209064 -3.48990496 -5.21182037
0.4080 -0.83267090  0.55687882 -3.45720363 -5.23369057
0.4090 -0.83612810  0.55164513 -3.42436494 -5.25535627
0.4100 -0.83955247  0.54638977 -3.39139017 -5.27681661
0.4110 -0.84294386  0.54111296 -3.35828059 -5.29807072
0.4120 -0.84630214  0.53581489 -3.32503749 -5.31911775
0.4130 -0.84962718  0.53049577 -3.29166214 -5.33995687
0.4140 -0.85291884  0.52515581 -3.25815585 -5.36058723
0.4150 -0.85617699  0.51979522 -3.22451991 -5.38100801
0.4160 -0.85940151  0.51441422 -3.19075562 -5.40121839
0.4170 -0.86259227  0.50901300 -3.15686429 -5.42121755
0.4180 -0.86574913  0.50359178 -3.12284724 -5.44100470
0.4190 -0.86887198  0.49815078 -3.08870577 -5.46057905
0.4200 -0.87196069  0.49269020 -3.05444122 -5.47993979
0.4210 -0.87501513  0.48721026 -3.02005492 -5.49908616
0.4220 -0.87803518  0.48171117 -2.98554819 -5.51801738
0.4230 -0.88102073  0.47619315 -2.95092237 -5.53673269
0.4240 -0.88397165  0.47065642 -2.91617881 -5.55523134
0.4250 -0.88688783  0.46510119 -2.88131886 -5.57351257
0.4260 -0.88976915  0.45952768 -2.84634386 -5.59157566
0.4270 -0.89261549  0.45393610 -2.81125518 -5.60941987
0.4280 -0.89542675  0.44832668 -2.77605417 -5.62704449
0.4290 -0.89820280  0.44269964 -2.74074221 -5.64444879
0.4300 -0.90094355  0.43705519 -2.70532067 -5.66163207
0.4310 -0.90364887  0.43139356 -2.66979091 -5.67859365
0.4320 -0.90631866  0.42571496 -2.63415433 -5.69533282
0.4330 -0.90895281  0.42001963 -2.59841231 -5.71184892
0.4340 -0.91155122  0.41430778 -2.56256623 -5.72814126
0.4350 -0.91411379  0.40857964 -2.52661749 -5.74420920
0.4360 -0.91664041  0.40283543 -2.49056748 -5.76005208
0.4370 -0.91913098  0.39707538 -2.45441762 -5.77566924
0.4380 -0.92158539  0.39129971 -2.41816930 -5.79106006
0.4390 -0.92400356  0.38550865 -2.38182394 -5.80622391
0.4400 -0.92638539  0.37970242 -2.34538295 -5.82116017
0.4410 -0.92873077  0.37388126 -2.30884775 -5.83586823
0.4420 -0.93103962  0.36804540 -2.27221976 -5.85034749
0.4430 -0.93331184  0.36219505 -2.23550041 -5.86459735
0.4440 -0.93554734  0.35633045 -2.19869113 -5.87861724
0.4450 -0.93774603  0.35045183 -2.16179335 -5.89240658
0.4460 -0.93990782  0.34455943 -2.12480851 -5.90596479
0.4470 -0.94203263  0.33865346 -2.08773805 -5.91929134
0.4480 -0.94412037  0.33273417 -2.05058342 -5.93238566
0.4490 -0.94617095  0.32680179 -2.01334607 -5.94524722
0.4500 -0.94818430  0.32085654 -1.97602744 -5.95787548
0.4510 -0.95016033  0.31489866 -1.93862900 -5.97026994
0.4520 -0.95209895  0.30892839 -1.90115221 -5.98243007
0.4530 -0.95400011  0.30294596 -1.86359851 -5.99435537
0.4540 -0.95586370  0.29695161 -1.82596940 -6.00604535
0.4550 -0.95768967  0.29094556 -1.78826632 -6.01749952
0.4560 -0.95947794  0.28492806 -1.75049076 -6.02871741
0.4570 -0.96122843  0.27889935 -1.71264418 -6.03969855
0.4580 -0.96294108  0.27285965 -1.67472808 -6.05044249
0.4590 -0.96461580  0.26680920 -1.63674392 -6.06094876
0.4600 -0.96625255  0.26074826 -1.59869320 -6.07121695
0.4610 -0.96785124  0.25467704 -1.56057741 -6.08124661
0.4620 -0.96941182  0.24859579 -1.52239803 -6.09103732
0.4630 -0.97093422  0.24250475 -1.48415655 -6.10058868
0.4640 -0.97241837  0.23640417 -1.44585448 -6.10990028
0.4650 -0.97386423  0.23029427 -1.40749331 -6.11897172
0.4660 -0.97527172  0.22417529 -1.36907454 -6.12780264
0.4670 -0.97664079  0.21804749 -1.33059968 -6.13639264
0.4680 -0.97797139  0.21191110 -1.29207023 -6.14474137
0.4690 -0.97926346  0.20576636 -1.25348771 -6.15284846
0.4700 -0.98051695  0.19961351 -1.21485363 -6.16071359
0.4710 -0.98173181  0.19345280 -1.17616949 -6.16833640
0.4720 -0.98290798  0.18728446 -1.13743682 -6.17571657
0.4730 -0.98404541  0.18110874 -1.09865713 -6.18285378
0.4740 -0.98514407  0.17492589 -1.05983194 -6.18974772
0.4750 -0.98620390  0.16873614 -1.02096279 -6.19639810
0.4760 -0.98722486  0.16253974 -0.98205118 -6.20280463
0.4770 -0.98820692  0.15633694 -0.94309866 -6.20896702
0.4780 -0.98915001  0.15012797 -0.90410674 -6.21488501
0.4790 -0.99005412  0.14391309 -0.86507696 -6.22055833
0.4800 -0.99091920  0.13769253 -0.82601085 -6.22598674
0.4810 -0.99174521  0.13146654 -0.78690995 -6.23116998
0.4820 -0.99253212  0.12523537 -0.74777579 -6.23610784
0.4830 -0.99327989  0.11899926 -0.70860991 -6.24080008
0.4840 -0.99398850  0.11275846 -0.66941385 -6.24524650
0.4850 -0.99465792  0.10651322 -0.63018915 -6.24944689
0.4860 -0.99528811  0.10026377 -0.59093735 -6.25340105
0.4870 -0.99587904  0.09401037 -0.55165999 -6.25710881
0.4880 -0.99643070  0.08775326 -0.51235863 -6.26056999
0.4890 -0.99694306  0.08149269 -0.47303481 -6.26378442
0.4900 -0.99741610  0.07522891 -0.43369007 -6.26675195
0.4910 -0.99784979  0.06896215 -0.39432596 -6.26947243
0.4920 -0.99824411  0.06269268 -0.35494404 -6.27194573
0.4930 -0.99859906  0.05642074 -0.31554585 -6.27417173
0.4940 -0.99891460  0.05014656 -0.27613295 -6.27615030
0.4950 -0.99919074  0.04387041 -0.23670689 -6.27788133
0.4960 -0.99942744  0.03759253 -0.19726922 -6.27936475
0.4970 -0.99962471  0.03131317 -0.15782150 -6.28060044
0.4980 -0.99978253  0.02503257 -0.11836529 -6.28158835
0.4990 -0.99990090  0.01875098 -0.07890213 -6.28232839
0.5000 -0.99997980  0.01246865 -0.03943360 -6.28282052
0.5010 -1.00001924  0.00618583  0.00003877 -6.28306469
0.5020 -1.00001920 -0.00009723  0.03951340 -6.28306085
0.5030 -0.99997968 -0.00638030  0.07898874 -6.28280898
0.5040 -0.99990069 -0.01266310  0.11846323 -6.28230906
0.5050 -0.99978223 -0.01894541  0.15793532 -6.28156108
0.5060 -0.99962430 -0.02522697  0.19740344 -6.28056505
0.5070 -0.99942689 -0.03150754  0.23686603 -6.27932097
0.5080 -0.99919003 -0.03778686  0.27632153 -6.27782886
0.5090 -0.99891371 -0.04406469  0.31576839 -6.27608875
0.5100 -0.99859794 -0.05034078  0.35520505 -6.27410069
0.5110 -0.99824273 -0.05661488  0.39462994 -6.27186473
0.5120 -0.99784810 -0.06288674  0.43404150 -6.26938092
0.5130 -0.99741406 -0.06915612  0.47343818 -6.26664933
0.5140 -0.99694062 -0.07542277  0.51281842 -6.26367005
0.5150 -0.99642780 -0.08168644  0.55218066 -6.26044316
0.5160 -0.99587562 -0.08794689  0.59152333 -6.25696877
0.5170 -0.99528410 -0.09420386  0.63084489 -6.25324697
0.5180 -0.99465325 -0.10045710  0.67014377 -6.24927790
0.5190 -0.99398311 -0.10670638  0.70941842 -6.24506168
0.5200 -0.99327369 -0.11295144  0.74866728 -6.24059844
0.5210 -0.99252503 -0.11919204  0.78788879 -6.23588834
0.5220 -0.99173714 -0.12542793  0.82708140 -6.23093154
0.5230 -0.99091006 -0.13165886  0.86624356 -6.22572819
0.5240 -0.99004381 -0.13788459  0.90537371 -6.22027849
0.5250 -0.98913844 -0.14410487  0.94447030 -6.21458261
0.5260 -0.98819397 -0.15031945  0.98353178 -6.20864076
0.5270 -0.98721044 -0.15652809  1.02255660 -6.20245315
0.5280 -0.98618788 -0.16273054  1.06154320 -6.19601998
0.5290 -0.98512634 -0.16892656  1.10049005 -6.18934149
0.5300 -0.98402585 -0.17511591  1.13939559 -6.18241791
0.5310 -0.98288645 -0.18129832  1.17825828 -6.17524950
0.5320 -0.98170819 -0.18747357  1.21707657 -6.16783649
0.5330 -0.98049112 -0.19364141  1.25584892 -6.16017918
0.5340 -0.97923527 -0.19980159  1.29457379 -6.15227782
0.5350 -0.97794069 -0.20595387  1.33324964 -6.14413270
0.5360 -0.97660744 -0.21209800  1.37187493 -6.13574412
0.5370 -0.97523557 -0.21823374  1.41044812 -6.12711239
0.5380 -0.97382512 -0.22436086  1.44896768 -6.11823782
0.5390 -0.97237615 -0.23047909  1.48743208 -6.10912073
0.5400 -0.97088872 -0.23658821  1.52583979 -6.09976146
0.5410 -0.96936288 -0.24268798  1.56418927 -6.09016035
0.5420 -0.96779869 -0.24877814  1.60247900 -6.08031776
0.5430 -0.96619621 -0.25485845  1.64070746 -6.07023404
0.5440 -0.96455550 -0.26092869  1.67887311 -6.05990958
0.5450 -0.96287663 -0.26698860  1.71697445 -6.04934476
0.5460 -0.96115966 -0.27303794  1.75500994 -6.03853997
0.5470 -0.95940465 -0.27907648  1.79297808 -6.02749560
0.5480 -0.95761167 -0.28510398  1.83087735 -6.01621208
0.5490 -0.95578079 -0.29112019  1.86870624 -6.00468982
0.5500 -0.95391209 -0.29712488  1.90646323 -5.99292926
0.5510 -0.95200562 -0.30311781  1.94414683 -5.98093083
0.5520 -0.95006148 -0.30909874  1.98175553 -5.96869499
0.5530 -0.94807972 -0.31506743  2.01928782 -5.95622220
0.5540 -0.94606043 -0.32102366  2.05674221 -5.94351292
0.5550 -0.94400369 -0.32696717  2.09411721 -5.93056763
0.5560 -0.94190957 -0.33289774  2.13141131 -5.91738683
0.5570 -0.93977816 -0.33881512  2.16862304 -5.90397101
0.5580 -0.93760954 -0.34471910  2.20575089 -5.89032068
0.5590 -0.93540379 -0.35060942  2.24279339 -5.87643636
0.5600 -0.93316099 -0.35648585  2.27974906 -5.86231856
0.5610 -0.93088125 -0.36234817  2.31661642 -5.84796784
0.5620 -0.92856463 -0.36819614  2.35339399 -5.83338473
0.5630 -0.92621123 -0.37402952  2.39008031 -5.81856979
0.5640 -0.92382115 -0.37984809  2.42667390 -5.80352358
0.5650 -0.92139448 -0.38565162  2.46317330 -5.78824668
0.5660 -0.91893131 -0.39143986  2.49957705 -5.77273967
0.5670 -0.91643173 -0.39721260  2.53588369 -5.75700314
0.5680 -0.91389585 -0.40296961  2.57209177 -5.74103769
0.5690 -0.91132375 -0.40871064  2.60819983 -5.72484394
0.5700 -0.90871555 -0.41443549  2.64420644 -5.70842250
0.5710 -0.90607135 -0.42014391  2.68011014 -5.69177401
0.5720 -0.90339124 -0.42583568  2.71590950 -5.67489910
0.5730 -0.90067533 -0.43151058  2.75160309 -5.65779842
0.5740 -0.89792373 -0.43716838  2.78718946 -5.64047263
0.5750 -0.89513654 -0.44280885  2.82266720 -5.62292240
0.5760 -0.89231387 -0.44843178  2.85803488 -5.60514839
0.5770 -0.88945583 -0.45403693  2.89329108 -5.58715130
0.5780 -0.88656254 -0.45962408  2.92843439 -5.56893182
0.5790 -0.88363411 -0.46519301  2.96346340 -5.55049064
0.5800 -0.88067065 -0.47074350  2.99837670 -5.53182849
0.5810 -0.87767227 -0.47627533  3.03317288 -5.51294609
0.5820 -0.87463910 -0.48178827  3.06785056 -5.49384415
0.5830 -0.87157125 -0.48728212  3.10240833 -5.47452343
0.5840 -0.86846884 -0.49275664  3.13684481 -5.45498467
0.5850 -0.86533199 -0.49821163  3.17115862 -5.43522863
0.5860 -0.86216083 -0.50364685  3.20534837 -5.41525607
0.5870 -0.85895549 -0.50906211  3.23941269 -5.39506776
0.5880 -0.85571607 -0.51445718  3.27335022 -5.37466449
0.5890 -0.85244272 -0.51983184  3.30715958 -5.35404706
0.5900 -0.84913556 -0.52518589  3.34083942 -5.33321625
0.5910 -0.84579472 -0.53051911  3.37438838 -5.31217289
0.5920 -0.84242033 -0.53583128  3.40780511 -5.29091779
0.5930 -0.83901253 -0.54112220  3.44108827 -5.26945178
0.5940 -0.83557144 -0.54639165  3.47423651 -5.24777568
0.5950 -0.83209720 -0.55163942  3.50724850 -5.22589036
0.5960 -0.82858996 -0.55686531  3.54012292 -5.20379665
0.5970 -0.82504983 -0.56206911  3.57285844 -5.18149543
0.5980 -0.82147698 -0.56725061  3.60545373 -5.15898755
0.5990 -0.81787152 -0.57240959  3.63790749 -5.13627391
0.6000 -0.81423361 -0.57754587  3.67021841 -5.11335538
0.6010 -0.81056340 -0.58265922  3.70238518 -5.09023286
0.6020 -0.80686101 -0.58774946  3.73440651 -5.06690726
0.6030 -0.80312660 -0.59281636  3.76628111 -5.04337948
0.6040 -0.79936032 -0.59785974  3.79800769 -5.01965045
0.6050 -0.79556231 -0.60287939  3.82958497 -4.99572110
0.6060 -0.79173273 -0.60787512  3.86101168 -4.97159236
0.6070 -0.78787172 -0.61284671  3.89228655 -4.94726517
0.6080 -0.78397943 -0.61779397  3.92340831 -4.92274050
0.6090 -0.78005602 -0.62271671  3.95437572 -4.89801930
0.6100 -0.77610165 -0.62761473  3.98518751 -4.87310254
0.6110 -0.77211646 -0.63248783  4.01584246 -4.84799120
0.6120 -0.76810062 -0.63733583  4.04633931 -4.82268627
0.6130 -0.76405428 -0.64215851  4.07667683 -4.79718874
0.6140 -0.75997760 -0.64695570  4.10685381 -4.77149960
0.6150 -0.75587075 -0.65172720  4.13686901 -4.74561988
0.6160 -0.75173388 -0.65647282  4.16672124 -4.71955058
0.6170 -0.74756716 -0.66119237  4.19640927 -4.69329274
0.6180 -0.74337075 -0.66588566  4.22593192 -4.66684738
0.6190 -0.73914482 -0.67055251  4.25528798 -4.64021555
0.6200 -0.73488953 -0.67519273  4.28447627 -4.61339829
0.6210 -0.73060505 -0.67980613  4.31349561 -4.58639666
0.6220 -0.72629156 -0.68439252  4.34234482 -4.55921173
0.6230 -0.72194921 -0.68895173  4.37102274 -4.53184457
0.6240 -0.71757819 -0.69348358  4.39952821 -4.50429625
0.6250 -0.71317866 -0.69798787  4.42786007 -4.47656786
0.6260 -0.70875080 -0.70246444  4.45601717 -4.44866050
0.6270 -0.70429478 -0.70691310  4.48399838 -4.42057526
0.6280 -0.69981079 -0.71133368  4.51180257 -4.39231326
0.6290 -0.69529898 -0.71572599  4.53942860 -4.36387562
0.6300 -0.69075955 -0.72008987  4.56687535 -4.33526344
0.6310 -0.68619268 -0.72442513  4.59414172 -4.30647788
0.6320 -0.68159854 -0.72873161  4.62122660 -4.27752006
0.6330 -0.67697731 -0.73300913  4.64812890 -4.24839113
0.6340 -0.67232918 -0.73725752  4.67484751 -4.21909224
0.6350 -0.66765433 -0.74147661  4.70138136 -4.18962454
0.6360 -0.66295295 -0.74566624  4.72772938 -4.15998922
0.6370 -0.65822522 -0.74982623  4.75389049 -4.13018744
0.6380 -0.65347133 -0.75395641  4.77986363 -4.10022037
0.6390 -0.64869147 -0.75805663  4.80564775 -4.07008921
0.6400 -0.64388582 -0.76212672  4.83124181 -4.03979516
0.6410 -0.63905458 -0.76616652  4.85664476 -4.00933940
0.6420 -0.63419793 -0.77017586  4.88185557 -3.97872316
0.6430 -0.62931608 -0.77415458  4.90687323 -3.94794763
0.6440 -0.62440921 -0.77810253  4.93169671 -3.91701405
0.6450 -0.61947751 -0.78201954  4.95632500 -3.88592364
0.6460 -0.61452118 -0.78590547  4.98075712 -3.85467764
0.6470 -0.60954043 -0.78976014  5.00499206 -3.82327728
0.6480 -0.60453543 -0.79358342  5.02902884 -3.79172381
0.6490 -0.59950641 -0.79737514  5.05286648 -3.76001849
0.6500 -0.59445354 -0.80113516  5.07650402 -3.72816257
0.6510 -0.58937704 -0.80486333  5.09994049 -3.69615732
0.6520 -0.58427710 -0.80855948  5.12317495 -3.66400402
0.6530 -0.57915392 -0.81222349  5.14620644 -3.63170393
0.6540 -0.57400771 -0.81585519  5.16903404 -3.59925835
0.6550 -0.56883868 -0.81945445  5.19165681 -3.56666857
0.6560 -0.56364702 -0.82302112  5.21407383 -3.53393587
0.6570 -0.55843295 -0.82655505  5.23628420 -3.50106158
0.6580 -0.55319666 -0.83005611  5.25828701 -3.46804698
0.6590 -0.54793838 -0.83352416  5.28008136 -3.43489340
0.6600 -0.54265830 -0.83695906  5.30166637 -3.40160216
0.6610 -0.53735663 -0.84036066  5.32304115 -3.36817458
0.6620 -0.53203359 -0.84372883  5.34420485 -3.33461200
0.6630 -0.52668938 -0.84706344  5.36515660 -3.30091575
0.6640 -0.52132423 -0.85036436  5.38589554 -3.26708717
0.6650 -0.51593833 -0.85363145  5.40642083 -3.23312762
0.6660 -0.51053191 -0.85686457  5.42673164 -3.19903844
0.6670 -0.50510518 -0.86006361  5.44682714 -3.16482100
0.6680 -0.49965835 -0.86322843  5.46670651 -3.13047666
0.6690 -0.49419165 -0.86635891  5.48636894 -3.09600679
0.6700 -0.48870528 -0.86945492  5.50581363 -3.06141276
0.6710 -0.48319946 -0.87251633  5.52503979 -3.02669597
0.6720 -0.47767442 -0.87554303  5.54404663 -2.99185778
0.6730 -0.47213038 -0.87853488  5.56283339 -2.95689960
0.6740 -0.46656754 -0.88149178  5.58139929 -2.92182281
0.6750 -0.46098614 -0.88441361  5.59974358 -2.88662883
0.6760 -0.45538640 -0.88730024  5.61786551 -2.85131905
0.6770 -0.44976854 -0.89015155  5.63576434 -2.81589489
0.6780 -0.44413277 -0.89296745  5.65343935 -2.78035775
0.6790 -0.43847933 -0.89574781  5.67088981 -2.74470907
0.6800 -0.43280844 -0.89849252  5.68811501 -2.70895027
0.6810 -0.42712033 -0.90120147  5.70511425 -2.67308276
0.6820 -0.42141521 -0.90387455  5.72188683 -2.63710800
0.6830 -0.41569333 -0.90651166  5.73843208 -2.60102742
0.6840 -0.40995489 -0.90911268  5.75474931 -2.56484246
0.6850 -0.40420014 -0.91167753  5.77083786 -2.52855456
0.6860 -0.39842931 -0.91420608  5.78669708 -2.49216518
0.6870 -0.39264261 -0.91669825  5.80232632 -2.45567578
0.6880 -0.38684028 -0.91915392  5.81772493 -2.41908782
0.6890 -0.38102256 -0.92157301  5.83289230 -2.38240275
0.6900 -0.37518967 -0.92395541  5.84782780 -2.34562206
0.6910 -0.36934184 -0.92630103  5.86253083 -2.30874720
0.6920 -0.36347931 -0.92860978  5.87700077 -2.27177967
0.6930 -0.35760231 -0.93088156  5.89123705 -2.23472093
0.6940 -0.35171107 -0.93311628  5.90523909 -2.19757247
0.6950 -0.34580583 -0.93531386  5.91900630 -2.16033578
0.6960 -0.33988682 -0.93747419  5.93253813 -2.12301235
0.6970 -0.33395429 -0.93959720  5.94583402 -2.08560368
0.6980 -0.32800845 -0.94168281  5.95889344 -2.04811126
0.6990 -0.32204956 -0.94373092  5.97171585 -2.01053660
0.7000 -0.31607784 -0.94574145  5.98430072 -1.97288121
0.7010 -0.31009354 -0.94771434  5.99664755 -1.93514659
0.7020 -0.30409689 -0.94964948  6.00875582 -1.89733425
0.7030 -0.29808814 -0.95154682  6.02062504 -1.85944572
0.7040 -0.29206751 -0.95340626  6.03225473 -1.82148251
0.7050 -0.28603526 -0.95522775  6.04364442 -1.78344614
0.7060 -0.27999161 -0.95701119  6.05479363 -1.74533813
0.7070 -0.27393682 -0.95875653  6.06570192 -1.70716003
0.7080 -0.26787112 -0.96046369  6.07636883 -1.66891335
0.7090 -0.26179475 -0.96213260  6.08679393 -1.63059964
0.7100 -0.25570796 -0.96376320  6.09697679 -1.59222042
0.7110 -0.24961098 -0.96535542  6.10691701 -1.55377725
0.7120 -0.24350406 -0.96690920  6.11661416 -1.51527165
0.7130 -0.23738745 -0.96842447  6.12606786 -1.47670518
0.7140 -0.23126138 -0.96990118  6.13527772 -1.43807939
0.7150 -0.22512610 -0.97133926  6.14424336 -1.39939583
0.7160 -0.21898186 -0.97273865  6.15296442 -1.36065604
0.7170 -0.21282889 -0.97409931  6.16144054 -1.32186158
0.7180 -0.20666745 -0.97542117  6.16967137 -1.28301401
0.7190 -0.20049778 -0.97670418  6.17765658 -1.24411490
0.7200 -0.19432013 -0.97794830  6.18539584 -1.20516579
0.7210 -0.18813473 -0.97915346  6.19288883 -1.16616826
0.7220 -0.18194184 -0.98031963  6.20013525 -1.12712388
0.7230 -0.17574171 -0.98144676  6.20713480 -1.08803420
0.7240 -0.16953457 -0.98253479  6.21388720 -1.04890080
0.7250 -0.16332068 -0.98358369  6.22039216 -1.00972525
0.7260 -0.15710029 -0.98459342  6.22664943 -0.97050913
0.7270 -0.15087364 -0.98556393  6.23265875 -0.93125400
0.7280 -0.14464098 -0.98649518  6.23841986 -0.89196146
0.7290 -0.13840256 -0.98738714  6.24393254 -0.85263307
0.7300 -0.13215863 -0.98823977  6.24919656 -0.81327041
0.7310 -0.12590943 -0.98905304  6.25421171 -0.77387507
0.7320 -0.11965522 -0.98982692  6.25897777 -0.73444863
0.7330 -0.11339625 -0.99056137  6.26349456 -0.69499267
0.7340 -0.10713275 -0.99125636  6.26776189 -0.65550878
0.7350 -0.10086499 -0.99191187  6.27177959 -0.61599855
0.7360 -0.09459321 -0.99252787  6.27554748 -0.57646356
0.7370 -0.08831766 -0.99310433  6.27906543 -0.53690540
0.7380 -0.08203860 -0.99364124  6.28233327 -0.49732566
0.7390 -0.07575626 -0.99413856  6.28535089 -0.45772593
0.7400 -0.06947091 -0.99459629  6.28811815 -0.41810781
0.7410 -0.06318279 -0.99501440  6.29063494 -0.37847288
0.7420 -0.05689216 -0.99539287  6.29290116 -0.33882274
0.7430 -0.05059926 -0.99573169  6.29491672 -0.29915898
0.7440 -0.04430434 -0.99603085  6.29668154 -0.25948320
0.7450 -0.03800766 -0.99629033  6.29819554 -0.21979699
0.7460 -0.03170946 -0.99651013  6.29945865 -0.18010194
0.7470 -0.02541001 -0.99669023  6.30047084 -0.14039966
0.7480 -0.01910953 -0.99683063  6.30123205 -0.10069173
0.7490 -0.01280830 -0.99693133  6.30174226 -0.06097975
0.7500 -0.00650656 -0.99699230  6.30200144 -0.02126533
0.7510 -0.00020456 -0.99701357  6.30200959  0.01844996
0.7520  0.00609745 -0.99699512  6.30176670  0.05816449
0.7530  0.01239922 -0.99693696  6.30127279  0.09787670
0.7540  0.01870049 -0.99683908  6.30052787  0.13758496
0.7550  0.02500102 -0.99670149  6.29953198  0.17728770
0.7560  0.03130055 -0.99652421  6.29828515  0.21698332
0.7570  0.03759884 -0.99630722  6.29678744  0.25667021
0.7580  0.04389562 -0.99605055  6.29503890  0.29634678
0.7590  0.05019066 -0.99575421  6.29303962  0.33601145
0.7600  0.05648370 -0.99541819  6.29078967  0.37566261
0.7610  0.06277449 -0.99504253  6.28828914  0.41529867
0.7620  0.06906278 -0.99462723  6.28553813  0.45491804
0.7630  0.07534832 -0.99417232  6.28253677  0.49451912
0.7640  0.08163085 -0.99367780  6.27928516  0.53410033
0.7650  0.08791014 -0.99314370  6.27578345  0.57366008
0.7660  0.09418592 -0.99257004  6.27203178  0.61319677
0.7670  0.10045796 -0.99195684  6.26803029  0.65270881
0.7680  0.10672599 -0.99130413  6.26377916  0.69219462
0.7690  0.11298976 -0.99061194  6.25927856  0.73165262
0.7700  0.11924904 -0.98988028  6.25452867  0.77108121
0.7710  0.12550357 -0.98910920  6.24952969  0.81047881
0.7720  0.13175310 -0.98829872  6.24428182  0.84984385
0.7730  0.13799738 -0.98744888  6.23878527  0.88917473
0.7740  0.14423617 -0.98655970  6.23304027  0.92846988
0.7750  0.15046921 -0.98563123  6.22704706  0.96772771
0.7760  0.15669626 -0.98466351  6.22080588  1.00694667
0.7770  0.16291706 -0.98365656  6.21431699  1.04612515
0.7780  0.16913138 -0.98261043  6.20758064  1.08526161
0.7790  0.17533896 -0.98152517  6.20059712  1.12435445
0.7800  0.18153956 -0.98040082  6.19336672  1.16340212
0.7810  0.18773292 -0.97923742  6.18588972  1.20240304
0.7820  0.19391881 -0.97803501  6.17816643  1.24135565
0.7830  0.20009698 -0.97679366  6.17019718  1.28025838
0.7840  0.20626718 -0.97551340  6.16198228  1.31910967
0.7850  0.21242916 -0.97419429  6.15352206  1.35790797
0.7860  0.21858268 -0.97283638  6.14481689  1.39665171
0.7870  0.22472750 -0.97143973  6.13586711  1.43533935
0.7880  0.23086337 -0.97000439  6.12667308  1.47396932
0.7890  0.23699004 -0.96853042  6.11723519  1.51254007
0.7900  0.24310727 -0.96701788  6.10755382  1.55105007
0.7910  0.24921483 -0.96546683  6.09762936  1.58949776
0.7920  0.25531246 -0.96387733  6.08746222  1.62788160
0.7930  0.26139992 -0.96224945  6.07705282  1.66620005
0.7940  0.26747697 -0.96058325  6.06640158  1.70445158
0.7950  0.27354337 -0.95887880  6.05550894  1.74263465
0.7960  0.27959888 -0.95713617  6.04437534  1.78074772
0.7970  0.28564326 -0.95535542  6.03300123  1.81878928
0.7980  0.29167626 -0.95353663  6.02138709  1.85675779
0.7990  0.29769765 -0.95167987  6.00953338  1.89465173
0.8000  0.30370718 -0.94978522  5.99744058  1.93246958
0.8010  0.30970462 -0.94785275  5.98510921  1.97020984
0.8020  0.31568973 -0.94588254  5.97253975  2.00787097
0.8030  0.32166227 -0.94387467  5.95973271  2.04545148
0.8040  0.32762200 -0.94182922  5.94668864  2.08294986
0.8050  0.33356869 -0.93974627  5.93340804  2.12036460
0.8060  0.33950210 -0.93762590  5.91989148  2.15769422
0.8070  0.34542199 -0.93546821  5.90613949  2.19493720
0.8080  0.35132813 -0.93327327  5.89215265  2.23209206
0.8090  0.35722028 -0.93104118  5.87793151  2.26915732
0.8100  0.36309821 -0.92877202  5.86347667  2.30613148
0.8110  0.36896169 -0.92646589  5.84878871  2.34301308
0.8120  0.37481048 -0.92412288  5.83386823  2.37980062
0.8130  0.38064435 -0.92174308  5.81871584  2.41649264
0.8140  0.38646306 -0.91932658  5.80333216  2.45308767
0.8150  0.39226639 -0.91687350  5.78771782  2.48958424
0.8160  0.39805411 -0.91438391  5.77187344  2.52598090
0.8170  0.40382599 -0.91185793  5.75579969  2.56227619
0.8180  0.40958179 -0.90929566  5.73949721  2.59846865
0.8190  0.41532128 -0.90669719  5.72296667  2.63455685
0.8200  0.42104425 -0.90406263  5.70620874  2.67053933
0.8210  0.42675046 -0.90139209  5.68922411  2.70641466
0.8220  0.43243968 -0.89868568  5.67201346  2.74218140
0.8230  0.43811170 -0.89594349  5.65457751  2.77783812
0.8240  0.44376627 -0.89316566  5.63691696  2.81338341
0.8250  0.44940319 -0.89035227  5.61903253  2.84881583
0.8260  0.45502222 -0.88750346  5.60092495  2.88413398
0.8270  0.46062315 -0.88461932  5.58259495  2.91933644
0.8280  0.46620574 -0.88169999  5.56404329  2.95442180
0.8290  0.47176979 -0.87874556  5.54527072  2.98938867
0.8300  0.47731506 -0.87575618  5.52627800  3.02423565
0.8310  0.48284133 -0.87273194  5.50706592  3.05896135
0.8320  0.48834840 -0.86967298  5.48763524  3.09356438
0.8330  0.49383604 -0.86657941  5.46798676  3.12804337
0.8340  0.49930402 -0.86345137  5.44812129  3.16239693
0.8350  0.50475214 -0.86028897  5.42803963  3.19662369
0.8360  0.51018018 -0.85709235  5.40774259  3.23072230
0.8370  0.51558793 -0.85386163  5.38723101  3.26469139
0.8380  0.52097516 -0.85059694  5.36650572  3.29852961
0.8390  0.52634166 -0.84729841  5.34556756  3.33223560
0.8400  0.53168723 -0.84396617  5.32441738  3.36580803
0.8410  0.53701165 -0.84060036  5.30305605  3.39924557
0.8420  0.54231470 -0.83720112  5.28148443  3.43254686
0.8430  0.54759619 -0.83376857  5.25970340  3.46571060
0.8440  0.55285589 -0.83030286  5.23771385  3.49873546
0.8450  0.55809361 -0.82680413  5.21551667  3.53162012
0.8460  0.56330912 -0.82327251  5.19311276  3.56436328
0.8470  0.56850224 -0.81970814  5.17050304  3.59696363
0.8480  0.57367274 -0.81611118  5.14768842  3.62941988
0.8490  0.57882043 -0.81248176  5.12466983  3.66173074
0.8500  0.58394510 -0.80882003  5.10144821  3.69389492
0.8510  0.58904654 -0.80512613  5.07802449  3.72591114
0.8520  0.59412457 -0.80140022  5.05439964  3.75777813
0.8530  0.59917897 -0.79764244  5.03057461  3.78949463
0.8540  0.60420954 -0.79385295  5.00655036  3.82105937
0.8550  0.60921609 -0.79003189  4.98232788  3.85247110
0.8560  0.61419842 -0.78617942  4.95790815  3.88372858
0.8570  0.61915633 -0.78229569  4.93329215  3.91483056
0.8580  0.62408962 -0.77838086  4.90848089  3.94577581
0.8590  0.62899810 -0.77443508  4.88347538  3.97656310
0.8600  0.63388158 -0.77045852  4.85827662  4.00719121
0.8610  0.63873985 -0.76645133  4.83288565  4.03765892
0.8620  0.64357274 -0.76241367  4.80730349  4.06796504
0.8630  0.64838004 -0.75834571  4.78153118  4.09810835
0.8640  0.65316158 -0.75424760  4.75556977  4.12808766
0.8650  0.65791714 -0.75011951  4.72942030  4.15790178
0.8660  0.66264657 -0.74596161  4.70308384  4.18754955
0.8670  0.66734965 -0.74177406  4.67656146  4.21702977
0.8680  0.67202621 -0.73755703  4.64985423  4.24634128
0.8690  0.67667606 -0.73331069  4.62296323  4.27548293
0.8700  0.68129903 -0.72903520  4.59588955  4.30445357
0.8710  0.68589492 -0.72473075  4.56863429  4.33325203
0.8720  0.69046355 -0.72039750  4.54119856  4.36187720
0.8730  0.69500475 -0.71603562  4.51358346  4.39032793
0.8740  0.69951833 -0.71164529  4.48579012  4.41860311
0.8750  0.70400412 -0.70722669  4.45781965  4.44670161
0.8760  0.70846194 -0.70277999  4.42967320  4.47462232
0.8770  0.71289162 -0.69830537  4.40135189  4.50236415
0.8780  0.71729297 -0.69380300  4.37285688  4.52992601
0.8790  0.72166583 -0.68927308  4.34418932  4.55730679
0.8800  0.72601001 -0.68471577  4.31535037  4.58450543
0.8810  0.73032537 -0.68013126  4.28634120  4.61152085
0.8820  0.73461171 -0.67551974  4.25716298  4.63835199
0.8830  0.73886887 -0.67088139  4.22781688  4.66499778
0.8840  0.74309669 -0.66621639  4.19830410  4.69145719
0.8850  0.74729499 -0.66152494  4.16862582  4.71772917
0.8860  0.75146362 -0.65680721  4.13878326  4.74381268
0.8870  0.75560240 -0.65206339  4.10877761  4.76970671
0.8880  0.75971118 -0.64729369  4.07861008  4.79541022
0.8890  0.76378979 -0.64249828  4.04828190  4.82092222
0.8900  0.76783807 -0.63767736  4.01779429  4.84624170
0.8910  0.77185586 -0.63283111  3.98714848  4.87136766
0.8920  0.77584301 -0.62795975  3.95634571  4.89629912
0.8930  0.77979936 -0.62306345  3.92538722  4.92103511
0.8940  0.78372474 -0.61814241  3.89427427  4.94557464
0.8950  0.78761902 -0.61319684  3.86300809  4.96991676
0.8960  0.79148203 -0.60822692  3.83158997  4.99406052
0.8970  0.79531362 -0.60323286  3.80002116  5.01800496
0.8980  0.79911364 -0.59821485  3.76830294  5.04174915
0.8990  0.80288194 -0.59317311  3.73643659  5.06529217
0.9000  0.80661838 -0.58810781  3.70442340  5.08863308
0.9010  0.81032280 -0.58301918  3.67226464  5.11177099
0.9020  0.81399507 -0.57790741  3.63996163  5.13470497
0.9030  0.81763503 -0.57277270  3.60751565  5.15743415
0.9040  0.82124254 -0.56761527  3.57492803  5.17995762
0.9050  0.82481747 -0.56243531  3.54220006  5.20227451
0.9060  0.82835967 -0.55723304  3.50933308  5.22438396
0.9070  0.83186900 -0.55200865  3.47632839  5.24628509
0.9080  0.83534533 -0.54676237  3.44318734  5.26797705
0.9090  0.83878852 -0.54149439  3.40991125  5.28945900
0.9100  0.84219843 -0.53620493  3.37650147  5.31073010
0.9110  0.84557493 -0.53089420  3.34295934  5.33178953
0.9120  0.84891789 -0.52556241  3.30928620  5.35263647
0.9130  0.85222718 -0.52020978  3.27548342  5.37327009
0.9140  0.85550266 -0.51483651  3.24155234  5.39368962
0.9150  0.85874421 -0.50944282  3.20749435  5.41389424
0.9160  0.86195171 -0.50402892  3.17331080  5.43388317
0.9170  0.86512502 -0.49859504  3.13900306  5.45365565
0.9180  0.86826402 -0.49314138  3.10457253  5.47321090
0.9190  0.87136859 -0.48766817  3.07002057  5.49254817
0.9200  0.87443862 -0.48217562  3.03534859  5.51166671
0.9210  0.87747396 -0.47666396  3.00055796  5.53056577
0.9220  0.88047452 -0.47113339  2.96565010  5.54924463
0.9230  0.88344017 -0.46558415  2.93062639  5.56770257
0.9240  0.88637080 -0.46001645  2.89548824  5.58593887
0.9250  0.88926629 -0.45443051  2.86023707  5.60395283
0.9260  0.89212652 -0.44882655  2.82487429  5.62174376
0.9270  0.89495140 -0.44320481  2.78940132  5.63931096
0.9280  0.89774080 -0.43756550  2.75381958  5.65665376
0.9290  0.90049462 -0.43190884  2.71813049  5.67377150
0.9300  0.90321275 -0.42623507  2.68233549  5.69066352
0.9310  0.90589508 -0.42054441  2.64643601  5.70732916
0.9320  0.90854152 -0.41483708  2.61043349  5.72376779
0.9330  0.91115195 -0.40911331  2.57432938  5.73997878
0.9340  0.91372628 -0.40337333  2.53812511  5.75596151
0.9350  0.91626441 -0.39761737  2.50182215  5.77171536
0.9360  0.91876623 -0.39184566  2.46542193  5.78723972
0.9370  0.92123165 -0.38605842  2.42892592  5.80253402
0.9380  0.92366058 -0.38025588  2.39233559  5.81759766
0.9390  0.92605291 -0.37443829  2.35565239  5.83243007
0.9400  0.92840857 -0.36860586  2.31887778  5.84703068
0.9410  0.93072744 -0.36275883  2.28201326  5.86139894
0.9420  0.93300946 -0.35689743  2.24506027  5.87553430
0.9430  0.93525452 -0.35102189  2.20802031  5.88943622
0.9440  0.93746254 -0.34513246  2.17089486  5.90310418
0.9450  0.93963343 -0.33922935  2.13368539  5.91653766
0.9460  0.94176712 -0.33331281  2.09639340  5.92973614
0.9470  0.94386351 -0.32738308  2.05902037  5.94269914
0.9480  0.94592253 -0.32144038  2.02156780  5.95542615
0.9490  0.94794410 -0.31548495  1.98403719  5.96791670
0.9500  0.94992814 -0.30951704  1.94643002  5.98017032
0.9510  0.95187457 -0.30353687  1.90874780  5.99218655
0.9520  0.95378332 -0.29754468  1.87099204  6.00396493
0.9530  0.95565431 -0.29154071  1.83316424  6.01550503
0.9540  0.95748747 -0.28552521  1.79526591  6.02680641
0.9550  0.95928274 -0.27949840  1.75729857  6.03786865
0.9560  0.96104004 -0.27346053  1.71926371  6.04869133
0.9570  0.96275930 -0.26741184  1.68116287  6.05927405
0.9580  0.96444046 -0.26135257  1.64299756  6.06961643
0.9590  0.96608346 -0.25528295  1.60476930  6.07971806
0.9600  0.96768823 -0.24920323  1.56647962  6.08957859
0.9610  0.96925471 -0.24311366  1.52813003  6.09919763
0.9620  0.97078284 -0.23701446  1.48972207  6.10857485
0.9630  0.97227256 -0.23090588  1.45125726  6.11770989
0.9640  0.97372382 -0.22478817  1.41273714  6.12660242
0.9650  0.97513656 -0.21866157  1.37416323  6.13525212
0.9660  0.97651072 -0.21252632  1.33553708  6.14365865
0.9670  0.97784626 -0.20638266  1.29686021  6.15182173
0.9680  0.97914312 -0.20023084  1.25813418  6.15974105
0.9690  0.98040125 -0.19407110  1.21936051  6.16741632
0.9700  0.98162061 -0.18790368  1.18054075  6.17484728
0.9710  0.98280115 -0.18172883  1.14167644  6.18203364
0.9720  0.98394283 -0.17554680  1.10276912  6.18897515
0.9730  0.98504560 -0.16935782  1.06382035  6.19567158
0.9740  0.98610942 -0.16316215  1.02483166  6.20212266
0.9750  0.98713425 -0.15696003  0.98580460  6.20832819
0.9760  0.98812005 -0.15075170  0.94674073  6.21428794
0.9770  0.98906679 -0.14453741  0.90764160  6.22000169
0.9780  0.98997444 -0.13831741  0.86850875  6.22546926
0.9790  0.99084294 -0.13209194  0.82934374  6.23069046
0.9800  0.99167229 -0.12586125  0.79014812  6.23566509
0.9810  0.99246244 -0.11962559  0.75092345  6.24039301
0.9820  0.99321336 -0.11338519  0.71167127  6.24487403
0.9830  0.99392503 -0.10714032  0.67239316  6.24910802
0.9840  0.99459742 -0.10089121  0.63309066  6.25309484
0.9850  0.99523052 -0.09463812  0.59376532  6.25683435
0.9860  0.99582428 -0.08838128  0.55441872  6.26032644
0.9870  0.99637870 -0.08212096  0.51505240  6.26357098
0.9880  0.99689375 -0.07585739  0.47566793  6.26656790
0.9890  0.99736942 -0.06959082  0.43626686  6.26931708
0.9900  0.99780569 -0.06332150  0.39685075  6.27181846
0.9910  0.99820254 -0.05704968  0.35742116  6.27407195
0.9920  0.99855996 -0.05077561  0.31797966  6.27607751
0.9930  0.99887794 -0.04449953  0.27852779  6.27783507
0.9940  0.99915647 -0.03822170  0.23906713  6.27934460
0.9950  0.99939553 -0.03194235  0.19959923  6.28060606
0.9960  0.99959513 -0.02566175  0.16012565  6.28161943
0.9970  0.99975526 -0.01938013  0.12064795  6.28238470
0.9980  0.99987591 -0.01309774  0.08116769  6.28290186
0.9990  0.99995707 -0.00681484  0.04168643  6.28317093
1.0000  0.99999876 -0.00053167  0.00220573  6.28319193
