2.000000   -1.745554   2.899915   0.724979   0.911312   0.911312   0.772984   0.386492
2.025000   -1.726821   3.180042   0.775502   0.902594   0.902594   0.949879   0.469076
2.050000   -1.706750   3.482053   0.828567   0.892769   0.892769   1.184958   0.578028
2.075000   -1.685283   3.845589   0.893155   0.881631   0.881631   1.513049   0.729180
2.100000   -1.662028   4.242932   0.962116   0.868692   0.868692   2.010550   0.957405
2.125000   -1.636973   4.718993   1.045036   0.853614   0.853614   2.765853   1.301578
2.150000   -1.609698   5.275107   1.141180   0.835666   0.835666   3.946357   1.835515
2.175000   -1.579844   5.944257   1.256548   0.813679   0.813679   5.949935   2.735602
2.200000   -1.546361   6.859593   1.417271   -0.659775   0.784330   12.064490   5.483859
2.225000   -1.508433   8.136603   1.643551   0.743341   0.743383   24.577104   11.045889
2.250000   -1.463223   10.142952   2.003546   -0.058291   0.673914   73.367396   32.607732
2.275000   -1.409174   12.059574   2.330071   -0.084989   0.552702   178.750190   78.571512
2.300000   -1.351762   11.270668   2.130561   -0.005873   0.386876   233.663183   101.592688
2.325000   -1.303968   9.017929   1.668249   0.007047   0.259457   171.883843   73.928535
2.350000   -1.266114   7.674346   1.389651   -0.000285   0.191173   112.667214   47.943495
2.375000   -1.233518   6.941772   1.230674   0.000870   0.152237   76.751929   32.316602
2.400000   -1.204052   6.490066   1.126748   0.000306   0.127018   55.583766   23.159902
