2.000000   -1.745587   2.897342   0.724336   0.911343   0.911343   0.768951   0.384476
2.025000   -1.726821   3.181188   0.775781   0.902574   0.902574   0.953935   0.471079
2.050000   -1.706755   3.490466   0.830569   0.892754   0.892754   1.188948   0.579975
2.075000   -1.685252   3.847265   0.893544   0.881594   0.881594   1.524690   0.734791
2.100000   -1.662091   4.250294   0.963785   0.868774   0.868774   1.994810   0.949910
2.125000   -1.637009   4.715016   1.044156   0.853689   0.853689   2.743985   1.291287
2.150000   -1.609749   5.279297   1.142087   0.835794   0.835794   3.914616   1.820752
2.175000   -1.579759   5.964470   1.260821   0.813389   0.813389   6.216161   2.858005
2.200000   -1.546375   6.878462   1.421170   0.784455   0.784455   11.043315   5.019689
2.225000   -1.508524   8.110000   1.638177   0.743485   0.743485   24.724044   11.111930
2.250000   -1.463276   10.209467   2.016685   0.136465   0.673472   83.570520   37.142453
2.275000   -1.406354   12.743004   2.462119   0.013127   0.525768   277.989861   122.193346
2.300000   -1.347376   10.938805   2.067827   -0.002107   0.325249   324.067116   140.898746
2.325000   -1.302477   8.715329   1.612270   -0.004476   0.210505   201.462915   86.650716
2.350000   -1.265481   7.514971   1.360791   0.000413   0.151477   118.064564   50.240240
2.375000   -1.233386   6.914128   1.225773   -0.001140   0.120422   78.045876   32.861421
2.400000   -1.204023   6.480376   1.125065   -0.000159   0.101593   56.558416   23.566007
