2.000000   -1.745580   2.894420   0.723605   0.911331   0.911331   0.768573   0.384287
2.025000   -1.726886   3.173421   0.773887   0.902647   0.902647   0.942112   0.465240
2.050000   -1.706889   3.488042   0.829992   0.892864   0.892864   1.180145   0.575680
2.075000   -1.685304   3.840152   0.891892   0.881641   0.881641   1.518873   0.731987
2.100000   -1.662221   4.241452   0.961780   0.868856   0.868856   1.999346   0.952069
2.125000   -1.637001   4.724328   1.046218   0.853647   0.853647   2.796069   1.315797
2.150000   -1.609859   5.272082   1.140526   0.835898   0.835899   3.911726   1.819407
2.175000   -1.579702   5.969294   1.261840   0.141687   0.813071   6.545470   3.009412
2.200000   -1.546316   6.837172   1.412639   0.046556   0.784514   10.308312   4.685596
2.225000   -1.508846   7.934638   1.602755   -0.063311   0.745665   18.527128   8.326799
2.250000   -1.465916   9.216088   1.820462   0.048842   0.690644   32.878807   14.612803
2.275000   -1.418109   10.305638   1.991187   0.009804   0.616831   51.400806   22.593761
2.300000   -1.368144   10.557480   1.995743   0.016854   0.529531   66.253063   28.805679
2.325000   -1.319138   9.919240   1.834985   0.007718   0.436840   71.542096   30.770794
2.350000   -1.276568   8.806271   1.594617   -0.010372   0.360596   65.338725   27.803713
2.375000   -1.239976   7.778354   1.378988   -0.003506   0.302116   55.439824   23.343084
2.400000   -1.207565   6.978321   1.211514   0.000945   0.255161   45.304560   18.876900
