2.000000   -1.745590   2.894820   0.723705   0.911348   0.911348   0.765077   0.382538
2.025000   -1.726796   3.179052   0.775260   0.902583   0.902583   0.948969   0.468627
2.050000   -1.706821   3.491419   0.830796   0.892799   0.892799   1.185984   0.578529
2.075000   -1.685291   3.841777   0.892269   0.881604   0.881604   1.523076   0.734013
2.100000   -1.662071   4.252207   0.964219   0.868699   0.868699   2.022437   0.963065
2.125000   -1.637029   4.710193   1.043088   0.853746   0.853746   2.711234   1.275875
2.150000   -1.609816   5.274400   1.141027   0.835778   0.835778   3.933268   1.829427
2.175000   -1.579705   5.966563   1.261263   0.813438   0.813438   6.111764   2.810007
2.200000   -1.546646   6.852588   1.415824   0.085051   0.784944   11.190786   5.086721
2.225000   -1.508306   8.090238   1.634185   0.353005   0.743200   23.689219   10.646840
2.250000   -1.464053   9.759672   1.927836   -0.078638   0.680075   52.576542   23.367352
2.275000   -1.412570   11.277463   2.178957   0.047698   0.581859   103.469017   45.480887
2.300000   -1.356796   11.206860   2.118499   -0.014105   0.446608   144.708085   62.916559
2.325000   -1.308505   9.602933   1.776470   -0.002213   0.332676   131.380422   56.507709
2.350000   -1.268108   8.047565   1.457232   0.005084   0.252226   97.184245   41.354998
2.375000   -1.234316   7.146389   1.266950   0.001466   0.203517   71.529047   30.117493
2.400000   -1.204461   6.569981   1.140622   -0.001204   0.170466   53.045300   22.102208
