2.722563          3.000000          0.092479       
5.894580          7.000000          0.157917       
9.959793          11.000000         0.094564       
15.699547         15.000000         0.046636       
23.116988         19.000000         0.216684       
32.196857         23.000000         0.399863       
42.934043         27.000000         0.590150       
55.326459         31.000000         0.784724       
69.373380         35.000000         0.982097       
85.157608         39.000000         1.183528       
