2.998629          3.000000          0.000457       
6.993140          7.000000          0.000980       
10.983254         11.000000         0.001522       
14.968961         15.000000         0.002069       
18.950255         19.000000         0.002618       
22.927129         23.000000         0.003168       
26.899575         27.000000         0.003719       
30.867585         31.000000         0.004271       
34.831153         35.000000         0.004824       
38.790270         39.000000         0.005378       
42.744929         43.000000         0.005932       
46.695123         47.000000         0.006487       
50.640843         51.000000         0.007042       
54.582082         55.000000         0.007599       
58.518832         59.000000         0.008155       
62.451085         63.000000         0.008713       
66.378834         67.000000         0.009271       
70.302077         71.000000         0.009830       
74.220847         75.000000         0.010389       
78.135453         79.000000         0.010944       
82.047680         83.000000         0.011474       
85.965215         87.000000         0.011894       
89.911743         91.000000         0.011959       
93.936284         95.000000         0.011197       
98.103150         99.000000         0.009059       
102.463658        103.000000        0.005207       
107.040767        107.000000        0.000381       
111.836151        111.000000        0.007533       
116.842365        115.000000        0.016021       
122.049895        119.000000        0.025629       
127.449727        123.000000        0.036177       
133.033933        127.000000        0.047511       
138.795612        131.000000        0.059508       
144.728686        135.000000        0.072064       
150.827703        139.000000        0.085091       
157.087686        143.000000        0.098515       
163.504004        147.000000        0.112272       
170.072288        151.000000        0.126307       
176.788366        155.000000        0.140570       
183.648207        159.000000        0.155020       
190.647884        163.000000        0.169619       
197.783551        167.000000        0.184333       
205.051411        171.000000        0.199131       
212.447706        175.000000        0.213987       
219.968700        179.000000        0.228875       
227.610667        183.000000        0.243774       
235.369887        187.000000        0.258662       
243.242634        191.000000        0.273522       
251.225175        195.000000        0.288334       
259.313763        199.000000        0.303084       
267.504638        203.000000        0.317757       
275.794019        207.000000        0.332338       
284.178106        211.000000        0.346816       
292.653079        215.000000        0.361177       
301.215094        219.000000        0.375411       
309.860287        223.000000        0.389508       
318.584770        227.000000        0.403457       
327.384632        231.000000        0.417249       
336.255943        235.000000        0.430876       
345.194747        239.000000        0.444329       
354.197071        243.000000        0.457601       
363.258919        247.000000        0.470684       
372.376277        251.000000        0.483571       
381.545114        255.000000        0.496255       
390.761379        259.000000        0.508731       
400.021007        263.000000        0.520992       
409.319919        267.000000        0.533033       
418.654019        271.000000        0.544849       
428.019203        275.000000        0.556433       
437.411353        279.000000        0.567783       
446.826344        283.000000        0.578892       
456.260042        287.000000        0.589756       
465.708305        291.000000        0.600372       
475.166990        295.000000        0.610736       
484.631947        299.000000        0.620843       
494.099025        303.000000        0.630690       
503.564073        307.000000        0.640274       
513.022941        311.000000        0.649591       
522.471482        315.000000        0.658640       
531.905552        319.000000        0.667416       
541.321014        323.000000        0.675916       
550.713737        327.000000        0.684140       
560.079601        331.000000        0.692083       
569.414493        335.000000        0.699745       
578.714315        339.000000        0.707122       
587.974980        343.000000        0.714213       
597.192417        347.000000        0.721016       
606.362570        351.000000        0.727529       
615.481401        355.000000        0.733750       
624.544891        359.000000        0.739679       
633.549042        363.000000        0.745314       
642.489874        367.000000        0.750654       
651.363433        371.000000        0.755697       
660.165788        375.000000        0.760442       
668.893032        379.000000        0.764889       
677.541283        383.000000        0.769037       
686.106688        387.000000        0.772885       
694.585418        391.000000        0.776433       
702.973675        395.000000        0.779680       
711.267689        399.000000        0.782626       
719.463717        403.000000        0.785270       
727.558047        407.000000        0.787612       
735.546994        411.000000        0.789652       
743.426905        415.000000        0.791390       
751.194151        419.000000        0.792826       
758.845134        423.000000        0.793960       
766.376278        427.000000        0.794792       
773.784034        431.000000        0.795323       
781.064874        435.000000        0.795551       
788.215288        439.000000        0.795479       
795.231781        443.000000        0.795106       
802.110868        447.000000        0.794431       
808.849068        451.000000        0.793457       
815.442899        455.000000        0.792182       
821.888863        459.000000        0.790608       
828.183439        463.000000        0.788733       
834.323071        467.000000        0.786559       
840.304144        471.000000        0.784085       
846.122966        475.000000        0.781312       
851.775739        479.000000        0.778237       
857.258523        483.000000        0.774862       
862.567190        487.000000        0.771185       
867.697360        491.000000        0.767204       
872.644325        495.000000        0.762918       
877.402934        499.000000        0.758323       
881.967447        503.000000        0.753414       
886.331309        507.000000        0.748188       
890.486834        511.000000        0.742636       
894.424709        515.000000        0.736747       
898.133177        519.000000        0.730507       
901.596604        523.000000        0.723894       
904.792640        527.000000        0.716874       
907.685944        531.000000        0.709390       
910.223484        535.000000        0.701352       
912.456766        539.000000        0.692870       
914.787690        543.000000        0.684692       
917.501640        547.000000        0.677334       
920.591008        551.000000        0.670764       
924.025413        555.000000        0.664911       
927.796303        559.000000        0.659743       
931.909512        563.000000        0.655257       
936.382172        567.000000        0.651468       
941.242818        571.000000        0.648411       
946.533761        575.000000        0.646146       
952.316234        579.000000        0.644760       
958.680288        583.000000        0.644392       
965.764647        587.000000        0.645255       
973.801396        591.000000        0.647718       
983.238921        595.000000        0.652502       
995.238223        599.000000        0.661500       
