2.996933          3.000000          0.001022       
6.984649          7.000000          0.002193       
10.962497         11.000000         0.003409       
14.930442         15.000000         0.004637       
18.888445         19.000000         0.005871       
22.836469         23.000000         0.007110       
26.774476         27.000000         0.008353       
30.702425         31.000000         0.009599       
34.620278         35.000000         0.010849       
38.527995         39.000000         0.012103       
42.425535         43.000000         0.013360       
46.312857         47.000000         0.014620       
50.189919         51.000000         0.015884       
54.056680         55.000000         0.017151       
57.913096         59.000000         0.018422       
61.759124         63.000000         0.019696       
65.594721         67.000000         0.020974       
69.419844         71.000000         0.022256       
73.234473         75.000000         0.023540       
77.038741         79.000000         0.024826       
80.833616         83.000000         0.026101       
84.623544         87.000000         0.027316       
88.423248         91.000000         0.028316       
92.266748         95.000000         0.028771       
96.205892         99.000000         0.028223       
100.290321        103.000000        0.026308       
104.547967        107.000000        0.022916       
108.984433        111.000000        0.018158       
113.593017        115.000000        0.012235       
118.362859        119.000000        0.005354       
123.282669        123.000000        0.002298       
128.341895        127.000000        0.010566       
133.530892        131.000000        0.019320       
138.840797        135.000000        0.028450       
144.263360        139.000000        0.037866       
149.790791        143.000000        0.047488       
155.415640        147.000000        0.057249       
161.130709        151.000000        0.067091       
166.928986        155.000000        0.076961       
172.803594        159.000000        0.086815       
178.747757        163.000000        0.096612       
184.754770        167.000000        0.106316       
190.817982        171.000000        0.115895       
196.930783        175.000000        0.125319       
203.086587        179.000000        0.134562       
209.278831        183.000000        0.143600       
215.500966        187.000000        0.152412       
221.746458        191.000000        0.160976       
228.008779        195.000000        0.169276       
234.281414        199.000000        0.177294       
240.557855        203.000000        0.185014       
246.831605        207.000000        0.192423       
253.096176        211.000000        0.199508       
259.345094        215.000000        0.206256       
265.571898        219.000000        0.212657       
271.770141        223.000000        0.218700       
277.933392        227.000000        0.224376       
284.055240        231.000000        0.229676       
290.129287        235.000000        0.234593       
296.149157        239.000000        0.239118       
302.108490        243.000000        0.243245       
308.000941        247.000000        0.246967       
313.820181        251.000000        0.250280       
319.559887        255.000000        0.253176       
325.213744        259.000000        0.255652       
330.775429        263.000000        0.257701       
336.238605        267.000000        0.259321       
341.596907        271.000000        0.260505       
346.843918        275.000000        0.261251       
351.973150        279.000000        0.261553       
356.978003        283.000000        0.261406       
361.851726        287.000000        0.260807       
366.587357        291.000000        0.259750       
371.177638        295.000000        0.258229       
375.614904        299.000000        0.256237       
379.890929        303.000000        0.253765       
383.996696        307.000000        0.250804       
387.922057        311.000000        0.247338       
391.655197        315.000000        0.243350       
395.181755        319.000000        0.238814       
398.483217        323.000000        0.233694       
401.533686        327.000000        0.227932       
404.292817        331.000000        0.221428       
406.709266        335.000000        0.214058       
408.890889        339.000000        0.206168       
411.252622        343.000000        0.198987       
413.993856        347.000000        0.193066       
417.090442        351.000000        0.188292       
420.517725        355.000000        0.184557       
424.270741        359.000000        0.181813       
428.357466        363.000000        0.180048       
432.796521        367.000000        0.179282       
437.617615        371.000000        0.179562       
442.864074        375.000000        0.180971       
448.598095        379.000000        0.183636       
454.910724        383.000000        0.187756       
461.941809        387.000000        0.193648       
469.924844        391.000000        0.201854       
479.310245        395.000000        0.213444       
491.262765        399.000000        0.231235       
