2.999986          3.000000          0.000005       
6.999931          7.000000          0.000010       
10.999831         11.000000         0.000015       
14.999687         15.000000         0.000021       
18.999498         19.000000         0.000026       
22.999265         23.000000         0.000032       
26.998987         27.000000         0.000038       
30.998666         31.000000         0.000043       
34.998299         35.000000         0.000049       
38.997889         39.000000         0.000054       
42.997434         43.000000         0.000060       
46.996934         47.000000         0.000065       
50.996391         51.000000         0.000071       
54.995802         55.000000         0.000076       
58.995170         59.000000         0.000082       
62.994493         63.000000         0.000087       
66.993772         67.000000         0.000093       
70.993015         71.000000         0.000098       
74.992288         75.000000         0.000103       
78.992079         79.000000         0.000100       
82.995135         83.000000         0.000059       
87.012881         87.000000         0.000148       
91.078379         91.000000         0.000861       
95.253838         95.000000         0.002672       
99.611358         99.000000         0.006175       
104.200731        103.000000        0.011658       
109.040513        107.000000        0.019070       
114.130300        111.000000        0.028201       
119.463094        115.000000        0.038810       
125.031144        119.000000        0.050682       
130.827737        123.000000        0.063640       
136.847447        127.000000        0.077539       
143.085957        131.000000        0.092259       
149.539831        135.000000        0.107702       
156.206304        139.000000        0.123786       
163.083131        143.000000        0.140441       
170.168464        147.000000        0.157609       
177.460769        151.000000        0.175237       
184.958759        155.000000        0.193282       
192.661344        159.000000        0.211707       
200.567591        163.000000        0.230476       
208.676699        167.000000        0.249561       
216.987972        171.000000        0.268936       
225.500803        175.000000        0.288576       
234.214658        179.000000        0.308462       
243.129066        183.000000        0.328574       
252.243606        187.000000        0.348896       
261.557903        191.000000        0.369413       
271.071619        195.000000        0.390111       
280.784450        199.000000        0.410977       
290.696118        203.000000        0.432001       
300.806370        207.000000        0.453171       
311.114974        211.000000        0.474479       
321.621715        215.000000        0.495915       
332.326396        219.000000        0.517472       
343.228833        223.000000        0.539143       
354.328853        227.000000        0.560920       
365.626295        231.000000        0.582798       
377.121007        235.000000        0.604770       
388.812845        239.000000        0.626832       
400.701673        243.000000        0.648978       
412.787361        247.000000        0.671204       
425.069784        251.000000        0.693505       
437.548824        255.000000        0.715878       
450.224365        259.000000        0.738318       
463.096297        263.000000        0.760822       
476.164511        267.000000        0.783388       
489.428905        271.000000        0.806011       
502.889376        275.000000        0.828689       
516.545824        279.000000        0.851419       
530.398153        283.000000        0.874198       
544.446268        287.000000        0.897025       
558.690075        291.000000        0.919897       
573.129481        295.000000        0.942812       
587.764395        299.000000        0.965767       
602.594728        303.000000        0.988761       
617.620390        307.000000        1.011793       
632.841292        311.000000        1.034859       
648.257348        315.000000        1.057960       
663.868469        319.000000        1.081092       
679.674569        323.000000        1.104256       
695.675561        327.000000        1.127448       
711.871359        331.000000        1.150669       
728.261876        335.000000        1.173916       
744.847027        339.000000        1.197189       
761.626725        343.000000        1.220486       
778.600884        347.000000        1.243807       
795.769418        351.000000        1.267149       
813.132240        355.000000        1.290513       
830.689263        359.000000        1.313898       
848.440401        363.000000        1.337301       
866.385566        367.000000        1.360724       
884.524671        371.000000        1.384164       
902.857628        375.000000        1.407620       
921.384348        379.000000        1.431093       
940.104743        383.000000        1.454582       
959.018723        387.000000        1.478085       
978.126199        391.000000        1.501602       
997.427080        395.000000        1.525132       
1016.921277       399.000000        1.548675       
1036.608697       403.000000        1.572230       
1056.489249       407.000000        1.595797       
1076.562840       411.000000        1.619374       
1096.829378       415.000000        1.642962       
1117.288769       419.000000        1.666560       
1137.940918       423.000000        1.690168       
1158.785732       427.000000        1.713784       
1179.823114       431.000000        1.737409       
1201.052968       435.000000        1.761041       
1222.475198       439.000000        1.784682       
1244.089707       443.000000        1.808329       
1265.896395       447.000000        1.831983       
1287.895165       451.000000        1.855643       
1310.085917       455.000000        1.879310       
1332.468550       459.000000        1.902982       
1355.042964       463.000000        1.926659       
1377.809057       467.000000        1.950341       
1400.766727       471.000000        1.974027       
1423.915871       475.000000        1.997718       
1447.256384       479.000000        2.021412       
1470.788163       483.000000        2.045110       
1494.511102       487.000000        2.068811       
1518.425094       491.000000        2.092515       
1542.530034       495.000000        2.116222       
1566.825814       499.000000        2.139931       
1591.312325       503.000000        2.163643       
1615.989458       507.000000        2.187356       
1640.857103       511.000000        2.211071       
1665.915151       515.000000        2.234787       
1691.163488       519.000000        2.258504       
1716.602005       523.000000        2.282222       
1742.230586       527.000000        2.305940       
1768.049120       531.000000        2.329659       
1794.057490       535.000000        2.353378       
1820.255583       539.000000        2.377098       
1846.643282       543.000000        2.400816       
1873.220469       547.000000        2.424535       
1899.987029       551.000000        2.448252       
1926.942841       555.000000        2.471969       
1954.087788       559.000000        2.495685       
1981.421749       563.000000        2.519399       
2008.944602       567.000000        2.543112       
2036.656228       571.000000        2.566824       
2064.556503       575.000000        2.590533       
2092.645304       579.000000        2.614241       
2120.922508       583.000000        2.637946       
2149.387989       587.000000        2.661649       
2178.041622       591.000000        2.685350       
2206.883281       595.000000        2.709048       
2235.912839       599.000000        2.732743       
2265.130167       603.000000        2.756435       
2294.535138       607.000000        2.780124       
2324.127621       611.000000        2.803810       
2353.907486       615.000000        2.827492       
2383.874602       619.000000        2.851171       
2414.028838       623.000000        2.874846       
2444.370060       627.000000        2.898517       
2474.898135       631.000000        2.922184       
2505.612928       635.000000        2.945847       
2536.514305       639.000000        2.969506       
2567.602130       643.000000        2.993160       
2598.876266       647.000000        3.016810       
2630.336575       651.000000        3.040456       
2661.982920       655.000000        3.064096       
2693.815160       659.000000        3.087732       
2725.833157       663.000000        3.111362       
2758.036769       667.000000        3.134988       
2790.425855       671.000000        3.158608       
2823.000272       675.000000        3.182223       
2855.759878       679.000000        3.205832       
2888.704529       683.000000        3.229436       
2921.834080       687.000000        3.253034       
2955.148385       691.000000        3.276626       
2988.647298       695.000000        3.300212       
3022.330672       699.000000        3.323792       
3056.198359       703.000000        3.347366       
3090.250211       707.000000        3.370934       
3124.486077       711.000000        3.394495       
3158.905808       715.000000        3.418050       
3193.509253       719.000000        3.441598       
3228.296260       723.000000        3.465140       
3263.266675       727.000000        3.488675       
3298.420346       731.000000        3.512203       
3333.757118       735.000000        3.535724       
3369.276836       739.000000        3.559238       
3404.979345       743.000000        3.582745       
3440.864487       747.000000        3.606244       
3476.932106       751.000000        3.629736       
3513.182042       755.000000        3.653221       
3549.614138       759.000000        3.676698       
3586.228232       763.000000        3.700168       
3623.024165       767.000000        3.723630       
3660.001776       771.000000        3.747084       
3697.160901       775.000000        3.770530       
3734.501378       779.000000        3.793968       
3772.023043       783.000000        3.817399       
3809.725732       787.000000        3.840820       
3847.609279       791.000000        3.864234       
3885.673518       795.000000        3.887640       
3923.918282       799.000000        3.911037       
3962.343404       803.000000        3.934425       
4000.948715       807.000000        3.957805       
4039.734045       811.000000        3.981176       
4078.699225       815.000000        4.004539       
4117.844084       819.000000        4.027893       
4157.168450       823.000000        4.051237       
4196.672151       827.000000        4.074573       
4236.355013       831.000000        4.097900       
4276.216863       835.000000        4.121218       
4316.257525       839.000000        4.144526       
4356.476825       843.000000        4.167825       
4396.874585       847.000000        4.191115       
4437.450630       851.000000        4.214396       
4478.204780       855.000000        4.237666       
4519.136858       859.000000        4.260928       
4560.246683       863.000000        4.284179       
4601.534076       867.000000        4.307421       
4642.998856       871.000000        4.330653       
4684.640841       875.000000        4.353875       
4726.459848       879.000000        4.377087       
4768.455694       883.000000        4.400290       
4810.628195       887.000000        4.423482       
4852.977166       891.000000        4.446663       
4895.502422       895.000000        4.469835       
4938.203776       899.000000        4.492996       
4981.081041       903.000000        4.516147       
5024.134029       907.000000        4.539288       
5067.362551       911.000000        4.562418       
5110.766419       915.000000        4.585537       
5154.345441       919.000000        4.608646       
5198.099426       923.000000        4.631744       
5242.028184       927.000000        4.654831       
5286.131521       931.000000        4.677907       
5330.409244       935.000000        4.700972       
5374.861159       939.000000        4.724027       
5419.487072       943.000000        4.747070       
5464.286786       947.000000        4.770102       
5509.260106       951.000000        4.793123       
5554.406833       955.000000        4.816133       
5599.726772       959.000000        4.839131       
5645.219722       963.000000        4.862118       
5690.885485       967.000000        4.885094       
5736.723860       971.000000        4.908058       
5782.734646       975.000000        4.931010       
5828.917643       979.000000        4.953951       
5875.272647       983.000000        4.976880       
5921.799455       987.000000        4.999797       
5968.497864       991.000000        5.022702       
6015.367669       995.000000        5.045596       
6062.408665       999.000000        5.068477       
6109.620644       1003.000000       5.091347       
6157.003401       1007.000000       5.114204       
6204.556729       1011.000000       5.137049       
6252.280417       1015.000000       5.159882       
6300.174258       1019.000000       5.182703       
6348.238042       1023.000000       5.205511       
6396.471557       1027.000000       5.228307       
6444.874593       1031.000000       5.251091       
6493.446938       1035.000000       5.273862       
6542.188378       1039.000000       5.296620       
6591.098701       1043.000000       5.319366       
6640.177691       1047.000000       5.342099       
6689.425134       1051.000000       5.364819       
6738.840814       1055.000000       5.387527       
6788.424514       1059.000000       5.410221       
6838.176018       1063.000000       5.432903       
6888.095107       1067.000000       5.455572       
6938.181562       1071.000000       5.478227       
6988.435165       1075.000000       5.500870       
7038.855694       1079.000000       5.523499       
7089.442930       1083.000000       5.546115       
7140.196649       1087.000000       5.568718       
7191.116631       1091.000000       5.591308       
7242.202651       1095.000000       5.613884       
7293.454487       1099.000000       5.636446       
7344.871913       1103.000000       5.658995       
7396.454704       1107.000000       5.681531       
7448.202634       1111.000000       5.704053       
7500.115477       1115.000000       5.726561       
7552.193005       1119.000000       5.749055       
7604.434990       1123.000000       5.771536       
7656.841202       1127.000000       5.794003       
7709.411413       1131.000000       5.816456       
7762.145393       1135.000000       5.838895       
7815.042909       1139.000000       5.861319       
7868.103730       1143.000000       5.883730       
7921.327624       1147.000000       5.906127       
7974.714358       1151.000000       5.928509       
8028.263697       1155.000000       5.950878       
8081.975408       1159.000000       5.973232       
8135.849254       1163.000000       5.995571       
8189.885000       1167.000000       6.017896       
8244.082410       1171.000000       6.040207       
8298.441244       1175.000000       6.062503       
8352.961266       1179.000000       6.084785       
8407.642237       1183.000000       6.107052       
8462.483917       1187.000000       6.129304       
8517.486065       1191.000000       6.151542       
8572.648441       1195.000000       6.173764       
8627.970803       1199.000000       6.195972       
8683.452909       1203.000000       6.218165       
8739.094516       1207.000000       6.240343       
8794.895379       1211.000000       6.262507       
8850.855255       1215.000000       6.284655       
8906.973898       1219.000000       6.306787       
8963.251062       1223.000000       6.328905       
9019.686501       1227.000000       6.351008       
9076.279968       1231.000000       6.373095       
9133.031215       1235.000000       6.395167       
9189.939992       1239.000000       6.417224       
9247.006052       1243.000000       6.439265       
9304.229143       1247.000000       6.461290       
9361.609015       1251.000000       6.483301       
9419.145416       1255.000000       6.505295       
9476.838095       1259.000000       6.527274       
9534.686799       1263.000000       6.549237       
9592.691275       1267.000000       6.571185       
9650.851267       1271.000000       6.593117       
9709.166522       1275.000000       6.615033       
9767.636785       1279.000000       6.636933       
9826.261798       1283.000000       6.658817       
9885.041304       1287.000000       6.680685       
9943.975048       1291.000000       6.702537       
10003.062770      1295.000000       6.724373       
10062.304211      1299.000000       6.746193       
10121.699112      1303.000000       6.767996       
10181.247213      1307.000000       6.789784       
10240.948253      1311.000000       6.811555       
10300.801970      1315.000000       6.833309       
10360.808102      1319.000000       6.855048       
10420.966386      1323.000000       6.876770       
10481.276559      1327.000000       6.898475       
10541.738357      1331.000000       6.920164       
10602.351514      1335.000000       6.941836       
10663.115765      1339.000000       6.963492       
10724.030844      1343.000000       6.985131       
10785.096484      1347.000000       7.006753       
10846.312417      1351.000000       7.028359       
10907.678376      1355.000000       7.049947       
10969.194091      1359.000000       7.071519       
11030.859293      1363.000000       7.093074       
11092.673712      1367.000000       7.114611       
11154.637077      1371.000000       7.136132       
11216.749117      1375.000000       7.157636       
11279.009559      1379.000000       7.179122       
11341.418130      1383.000000       7.200592       
11403.974558      1387.000000       7.222044       
11466.678568      1391.000000       7.243478       
11529.529886      1395.000000       7.264896       
11592.528236      1399.000000       7.286296       
11655.673342      1403.000000       7.307679       
11718.964928      1407.000000       7.329044       
11782.402716      1411.000000       7.350392       
11845.986429      1415.000000       7.371722       
11909.715787      1419.000000       7.393034       
11973.590512      1423.000000       7.414329       
12037.610324      1427.000000       7.435606       
12101.774943      1431.000000       7.456866       
12166.084086      1435.000000       7.478107       
12230.537474      1439.000000       7.499331       
12295.134822      1443.000000       7.520537       
12359.875849      1447.000000       7.541725       
12424.760271      1451.000000       7.562895       
12489.787803      1455.000000       7.584047       
12554.958160      1459.000000       7.605180       
12620.271057      1463.000000       7.626296       
12685.726209      1467.000000       7.647393       
12751.323327      1471.000000       7.668473       
12817.062125      1475.000000       7.689534       
12882.942315      1479.000000       7.710576       
12948.963609      1483.000000       7.731601       
13015.125716      1487.000000       7.752606       
13081.428347      1491.000000       7.773594       
13147.871212      1495.000000       7.794563       
13214.454020      1499.000000       7.815513       
13281.176479      1503.000000       7.836445       
13348.038296      1507.000000       7.857358       
13415.039179      1511.000000       7.878252       
13482.178834      1515.000000       7.899128       
13549.456967      1519.000000       7.919985       
13616.873284      1523.000000       7.940823       
13684.427488      1527.000000       7.961642       
13752.119285      1531.000000       7.982442       
13819.948377      1535.000000       8.003224       
13887.914468      1539.000000       8.023986       
13956.017259      1543.000000       8.044729       
14024.256452      1547.000000       8.065453       
14092.631749      1551.000000       8.086158       
14161.142850      1555.000000       8.106844       
14229.789455      1559.000000       8.127511       
14298.571262      1563.000000       8.148158       
14367.487971      1567.000000       8.168786       
14436.539280      1571.000000       8.189395       
14505.724887      1575.000000       8.209984       
14575.044487      1579.000000       8.230554       
14644.497778      1583.000000       8.251104       
14714.084455      1587.000000       8.271635       
14783.804214      1591.000000       8.292146       
14853.656748      1595.000000       8.312637       
14923.641753      1599.000000       8.333109       
14993.758921      1603.000000       8.353561       
15064.007945      1607.000000       8.373994       
15134.388518      1611.000000       8.394406       
15204.900331      1615.000000       8.414799       
15275.543075      1619.000000       8.435172       
15346.316441      1623.000000       8.455525       
15417.220119      1627.000000       8.475857       
15488.253798      1631.000000       8.496170       
15559.417167      1635.000000       8.516463       
15630.709915      1639.000000       8.536736       
15702.131728      1643.000000       8.556988       
15773.682294      1647.000000       8.577221       
15845.361300      1651.000000       8.597433       
15917.168432      1655.000000       8.617624       
15989.103374      1659.000000       8.637796       
16061.165813      1663.000000       8.657947       
16133.355431      1667.000000       8.678078       
16205.671914      1671.000000       8.698188       
16278.114944      1675.000000       8.718278       
16350.684204      1679.000000       8.738347       
16423.379376      1683.000000       8.758395       
16496.200141      1687.000000       8.778423       
16569.146181      1691.000000       8.798431       
16642.217175      1695.000000       8.818417       
16715.412805      1699.000000       8.838383       
16788.732748      1703.000000       8.858328       
16862.176685      1707.000000       8.878252       
16935.744293      1711.000000       8.898156       
17009.435249      1715.000000       8.918038       
17083.249232      1719.000000       8.937899       
17157.185918      1723.000000       8.957740       
17231.244983      1727.000000       8.977559       
17305.426102      1731.000000       8.997358       
17379.728950      1735.000000       9.017135       
17454.153203      1739.000000       9.036891       
17528.698534      1743.000000       9.056626       
17603.364615      1747.000000       9.076339       
17678.151122      1751.000000       9.096031       
17753.057725      1755.000000       9.115702       
17828.084096      1759.000000       9.135352       
17903.229908      1763.000000       9.154980       
17978.494830      1767.000000       9.174587       
18053.878533      1771.000000       9.194172       
18129.380687      1775.000000       9.213736       
18205.000961      1779.000000       9.233278       
18280.739024      1783.000000       9.252798       
18356.594543      1787.000000       9.272297       
18432.567187      1791.000000       9.291774       
18508.656624      1795.000000       9.311229       
18584.862518      1799.000000       9.330663       
18661.184537      1803.000000       9.350075       
18737.622347      1807.000000       9.369464       
18814.175612      1811.000000       9.388832       
18890.843998      1815.000000       9.408179       
18967.627167      1819.000000       9.427503       
19044.524784      1823.000000       9.446805       
19121.536513      1827.000000       9.466085       
19198.662015      1831.000000       9.485342       
19275.900953      1835.000000       9.504578       
19353.252989      1839.000000       9.523792       
19430.717783      1843.000000       9.542983       
19508.294996      1847.000000       9.562152       
19585.984289      1851.000000       9.581299       
19663.785321      1855.000000       9.600423       
19741.697751      1859.000000       9.619525       
19819.721238      1863.000000       9.638605       
19897.855440      1867.000000       9.657662       
19976.100015      1871.000000       9.676697       
20054.454620      1875.000000       9.695709       
20132.918912      1879.000000       9.714699       
20211.492547      1883.000000       9.733666       
20290.175181      1887.000000       9.752610       
20368.966470      1891.000000       9.771532       
20447.866067      1895.000000       9.790431       
20526.873628      1899.000000       9.809307       
20605.988806      1903.000000       9.828160       
20685.211255      1907.000000       9.846991       
20764.540628      1911.000000       9.865798       
20843.976577      1915.000000       9.884583       
20923.518754      1919.000000       9.903345       
21003.166811      1923.000000       9.922084       
21082.920399      1927.000000       9.940799       
21162.779168      1931.000000       9.959492       
21242.742769      1935.000000       9.978162       
21322.810851      1939.000000       9.996808       
21402.983064      1943.000000       10.015431      
21483.259056      1947.000000       10.034031      
21563.638476      1951.000000       10.052608      
21644.120972      1955.000000       10.071162      
21724.706191      1959.000000       10.089692      
21805.393779      1963.000000       10.108199      
21886.183385      1967.000000       10.126682      
21967.074652      1971.000000       10.145142      
22048.067229      1975.000000       10.163578      
22129.160758      1979.000000       10.181991      
22210.354886      1983.000000       10.200381      
22291.649257      1987.000000       10.218746      
22373.043514      1991.000000       10.237089      
22454.537301      1995.000000       10.255407      
22536.130260      1999.000000       10.273702      
22617.822036      2003.000000       10.291973      
22699.612268      2007.000000       10.310220      
22781.500600      2011.000000       10.328444      
22863.486673      2015.000000       10.346644      
22945.570127      2019.000000       10.364819      
23027.750603      2023.000000       10.382971      
23110.027741      2027.000000       10.401099      
23192.401180      2031.000000       10.419203      
23274.870559      2035.000000       10.437283      
23357.435518      2039.000000       10.455339      
23440.095695      2043.000000       10.473370      
23522.850727      2047.000000       10.491378      
23605.700252      2051.000000       10.509361      
23688.643906      2055.000000       10.527321      
23771.681328      2059.000000       10.545256      
23854.812153      2063.000000       10.563166      
23938.036016      2067.000000       10.581053      
24021.352553      2071.000000       10.598915      
24104.761400      2075.000000       10.616752      
24188.262190      2079.000000       10.634566      
24271.854559      2083.000000       10.652355      
24355.538139      2087.000000       10.670119      
24439.312564      2091.000000       10.687859      
24523.177468      2095.000000       10.705574      
24607.132482      2099.000000       10.723265      
24691.177240      2103.000000       10.740931      
24775.311373      2107.000000       10.758572      
24859.534511      2111.000000       10.776189      
24943.846288      2115.000000       10.793781      
25028.246332      2119.000000       10.811348      
25112.734275      2123.000000       10.828890      
25197.309745      2127.000000       10.846408      
25281.972374      2131.000000       10.863901      
25366.721789      2135.000000       10.881369      
25451.557620      2139.000000       10.898811      
25536.479495      2143.000000       10.916229      
25621.487042      2147.000000       10.933622      
25706.579888      2151.000000       10.950990      
25791.757661      2155.000000       10.968333      
25877.019988      2159.000000       10.985651      
25962.366495      2163.000000       11.002943      
26047.796808      2167.000000       11.020211      
26133.310553      2171.000000       11.037453      
26218.907356      2175.000000       11.054670      
26304.586841      2179.000000       11.071862      
26390.348633      2183.000000       11.089028      
26476.192356      2187.000000       11.106169      
26562.117635      2191.000000       11.123285      
26648.124093      2195.000000       11.140375      
26734.211353      2199.000000       11.157440      
26820.379038      2203.000000       11.174480      
26906.626770      2207.000000       11.191494      
26992.954172      2211.000000       11.208482      
27079.360866      2215.000000       11.225445      
27165.846473      2219.000000       11.242382      
27252.410615      2223.000000       11.259294      
27339.052911      2227.000000       11.276180      
27425.772983      2231.000000       11.293040      
27512.570450      2235.000000       11.309875      
27599.444933      2239.000000       11.326684      
27686.396050      2243.000000       11.343467      
27773.423421      2247.000000       11.360224      
27860.526665      2251.000000       11.376955      
27947.705400      2255.000000       11.393661      
28034.959244      2259.000000       11.410341      
28122.287815      2263.000000       11.426994      
28209.690730      2267.000000       11.443622      
28297.167607      2271.000000       11.460224      
28384.718062      2275.000000       11.476799      
28472.341712      2279.000000       11.493349      
28560.038173      2283.000000       11.509872      
28647.807061      2287.000000       11.526370      
28735.647990      2291.000000       11.542841      
28823.560578      2295.000000       11.559286      
28911.544437      2299.000000       11.575704      
28999.599184      2303.000000       11.592097      
29087.724431      2307.000000       11.608463      
29175.919794      2311.000000       11.624803      
29264.184886      2315.000000       11.641117      
29352.519319      2319.000000       11.657404      
29440.922708      2323.000000       11.673665      
29529.394665      2327.000000       11.689899      
29617.934802      2331.000000       11.706107      
29706.542731      2335.000000       11.722288      
29795.218065      2339.000000       11.738443      
29883.960414      2343.000000       11.754571      
29972.769391      2347.000000       11.770673      
30061.644606      2351.000000       11.786748      
30150.585669      2355.000000       11.802796      
30239.592191      2359.000000       11.818818      
30328.663783      2363.000000       11.834813      
30417.800054      2367.000000       11.850782      
30507.000613      2371.000000       11.866723      
30596.265070      2375.000000       11.882638      
30685.593034      2379.000000       11.898526      
30774.984113      2383.000000       11.914387      
30864.437915      2387.000000       11.930221      
30953.954050      2391.000000       11.946028      
31043.532125      2395.000000       11.961809      
31133.171747      2399.000000       11.977562      
31222.872524      2403.000000       11.993289      
31312.634062      2407.000000       12.008988      
31402.455969      2411.000000       12.024660      
31492.337851      2415.000000       12.040306      
31582.279315      2419.000000       12.055924      
31672.279966      2423.000000       12.071515      
31762.339410      2427.000000       12.087078      
31852.457252      2431.000000       12.102615      
31942.633098      2435.000000       12.118124      
32032.866553      2439.000000       12.133607      
32123.157222      2443.000000       12.149061      
32213.504708      2447.000000       12.164489      
32303.908616      2451.000000       12.179889      
32394.368551      2455.000000       12.195262      
32484.884115      2459.000000       12.210608      
32575.454913      2463.000000       12.225926      
32666.080548      2467.000000       12.241216      
32756.760622      2471.000000       12.256479      
32847.494738      2475.000000       12.271715      
32938.282499      2479.000000       12.286923      
33029.123507      2483.000000       12.302104      
33120.017365      2487.000000       12.317257      
33210.963673      2491.000000       12.332382      
33301.962034      2495.000000       12.347480      
33393.012050      2499.000000       12.362550      
33484.113320      2503.000000       12.377592      
33575.265446      2507.000000       12.392607      
33666.468029      2511.000000       12.407594      
33757.720670      2515.000000       12.422553      
33849.022967      2519.000000       12.437484      
33940.374523      2523.000000       12.452388      
34031.774935      2527.000000       12.467264      
34123.223805      2531.000000       12.482111      
34214.720731      2535.000000       12.496931      
34306.265312      2539.000000       12.511723      
34397.857148      2543.000000       12.526487      
34489.495837      2547.000000       12.541223      
34581.180978      2551.000000       12.555931      
34672.912169      2555.000000       12.570611      
34764.689009      2559.000000       12.585263      
34856.511094      2563.000000       12.599887      
34948.378024      2567.000000       12.614483      
35040.289395      2571.000000       12.629051      
35132.244806      2575.000000       12.643590      
35224.243852      2579.000000       12.658102      
35316.286132      2583.000000       12.672585      
35408.371242      2587.000000       12.687040      
35500.498778      2591.000000       12.701466      
35592.668337      2595.000000       12.715864      
35684.879515      2599.000000       12.730235      
35777.131909      2603.000000       12.744576      
35869.425114      2607.000000       12.758890      
35961.758725      2611.000000       12.773175      
36054.132339      2615.000000       12.787431      
36146.545551      2619.000000       12.801659      
36238.997955      2623.000000       12.815859      
36331.489148      2627.000000       12.830030      
36424.018723      2631.000000       12.844173      
36516.586275      2635.000000       12.858287      
36609.191399      2639.000000       12.872373      
36701.833689      2643.000000       12.886430      
36794.512740      2647.000000       12.900458      
36887.228145      2651.000000       12.914458      
36979.979498      2655.000000       12.928429      
37072.766393      2659.000000       12.942372      
37165.588424      2663.000000       12.956286      
37258.445183      2667.000000       12.970171      
37351.336264      2671.000000       12.984027      
37444.261261      2675.000000       12.997855      
37537.219765      2679.000000       13.011654      
37630.211370      2683.000000       13.025424      
37723.235669      2687.000000       13.039165      
37816.292253      2691.000000       13.052877      
37909.380716      2695.000000       13.066561      
38002.500649      2699.000000       13.080215      
38095.651645      2703.000000       13.093841      
38188.833295      2707.000000       13.107437      
38282.045192      2711.000000       13.121005      
38375.286927      2715.000000       13.134544      
38468.558091      2719.000000       13.148054      
38561.858276      2723.000000       13.161534      
38655.187073      2727.000000       13.174986      
38748.544074      2731.000000       13.188409      
38841.928869      2735.000000       13.201802      
38935.341049      2739.000000       13.215167      
39028.780206      2743.000000       13.228502      
39122.245929      2747.000000       13.241808      
39215.737809      2751.000000       13.255085      
39309.255438      2755.000000       13.268332      
39402.798404      2759.000000       13.281551      
39496.366299      2763.000000       13.294740      
39589.958712      2767.000000       13.307900      
39683.575234      2771.000000       13.321030      
39777.215454      2775.000000       13.334132      
39870.878962      2779.000000       13.347204      
39964.565349      2783.000000       13.360246      
40058.274202      2787.000000       13.373259      
40152.005113      2791.000000       13.386243      
40245.757669      2795.000000       13.399198      
40339.531462      2799.000000       13.412123      
40433.326079      2803.000000       13.425018      
40527.141110      2807.000000       13.437884      
40620.976145      2811.000000       13.450721      
40714.830771      2815.000000       13.463528      
40808.704578      2819.000000       13.476305      
40902.597154      2823.000000       13.489053      
40996.508089      2827.000000       13.501772      
41090.436971      2831.000000       13.514460      
41184.383387      2835.000000       13.527119      
41278.346928      2839.000000       13.539749      
41372.327181      2843.000000       13.552349      
41466.323735      2847.000000       13.564919      
41560.336177      2851.000000       13.577459      
41654.364096      2855.000000       13.589970      
41748.407081      2859.000000       13.602451      
41842.464718      2863.000000       13.614902      
41936.536596      2867.000000       13.627324      
42030.622303      2871.000000       13.639715      
42124.721427      2875.000000       13.652077      
42218.833556      2879.000000       13.664409      
42312.958277      2883.000000       13.676711      
42407.095178      2887.000000       13.688983      
42501.243846      2891.000000       13.701226      
42595.403869      2895.000000       13.713438      
42689.574835      2899.000000       13.725621      
42783.756332      2903.000000       13.737773      
42877.947945      2907.000000       13.749896      
42972.149264      2911.000000       13.761989      
43066.359875      2915.000000       13.774051      
43160.579365      2919.000000       13.786084      
43254.807323      2923.000000       13.798087      
43349.043334      2927.000000       13.810059      
43443.286986      2931.000000       13.822002      
43537.537867      2935.000000       13.833914      
43631.795564      2939.000000       13.845796      
43726.059663      2943.000000       13.857649      
43820.329751      2947.000000       13.869471      
43914.605416      2951.000000       13.881262      
44008.886245      2955.000000       13.893024      
44103.171825      2959.000000       13.904756      
44197.461742      2963.000000       13.916457      
44291.755584      2967.000000       13.928128      
44386.052937      2971.000000       13.939769      
44480.353389      2975.000000       13.951379      
44574.656526      2979.000000       13.962960      
44668.961936      2983.000000       13.974510      
44763.269204      2987.000000       13.986029      
44857.577919      2991.000000       13.997519      
44951.887666      2995.000000       14.008978      
45046.198033      2999.000000       14.020406      
45140.508607      3003.000000       14.031804      
45234.818974      3007.000000       14.043172      
45329.128721      3011.000000       14.054510      
45423.437436      3015.000000       14.065817      
45517.744704      3019.000000       14.077093      
45612.050113      3023.000000       14.088339      
45706.353251      3027.000000       14.099555      
45800.653702      3031.000000       14.110740      
45894.951056      3035.000000       14.121895      
45989.244898      3039.000000       14.133019      
46083.534815      3043.000000       14.144113      
46177.820394      3047.000000       14.155176      
46272.101223      3051.000000       14.166208      
46366.376889      3055.000000       14.177210      
46460.646977      3059.000000       14.188181      
46554.911076      3063.000000       14.199122      
46649.168773      3067.000000       14.210032      
46743.419653      3071.000000       14.220912      
46837.663306      3075.000000       14.231760      
46931.899317      3079.000000       14.242579      
47026.127275      3083.000000       14.253366      
47120.346765      3087.000000       14.264123      
47214.557376      3091.000000       14.274849      
47308.758695      3095.000000       14.285544      
47402.950308      3099.000000       14.296209      
47497.131804      3103.000000       14.306842      
47591.302771      3107.000000       14.317445      
47685.462794      3111.000000       14.328018      
47779.611462      3115.000000       14.338559      
47873.748363      3119.000000       14.349070      
47967.873084      3123.000000       14.359549      
48061.985212      3127.000000       14.369998      
48156.084336      3131.000000       14.380417      
48250.170043      3135.000000       14.390804      
48344.241922      3139.000000       14.401160      
48438.299559      3143.000000       14.411486      
48532.342543      3147.000000       14.421780      
48626.370462      3151.000000       14.432044      
48720.382905      3155.000000       14.442277      
48814.379458      3159.000000       14.452478      
48908.359711      3163.000000       14.462649      
49002.323252      3167.000000       14.472789      
49096.269669      3171.000000       14.482898      
49190.198551      3175.000000       14.492976      
49284.109485      3179.000000       14.503023      
49378.002062      3183.000000       14.513039      
49471.875869      3187.000000       14.523023      
49565.730495      3191.000000       14.532977      
49659.565529      3195.000000       14.542900      
49753.380560      3199.000000       14.552792      
49847.175178      3203.000000       14.562652      
49940.948970      3207.000000       14.572482      
50034.701527      3211.000000       14.582280      
50128.432437      3215.000000       14.592047      
50222.141291      3219.000000       14.601784      
50315.827677      3223.000000       14.611489      
50409.491185      3227.000000       14.621162      
50503.131405      3231.000000       14.630805      
50596.747927      3235.000000       14.640417      
50690.340340      3239.000000       14.649997      
50783.908235      3243.000000       14.659546      
50877.451202      3247.000000       14.669064      
50970.968830      3251.000000       14.678551      
51064.460711      3255.000000       14.688006      
51157.926434      3259.000000       14.697431      
51251.365590      3263.000000       14.706824      
51344.777770      3267.000000       14.716185      
51438.162566      3271.000000       14.725516      
51531.519566      3275.000000       14.734815      
51624.848363      3279.000000       14.744083      
51718.148548      3283.000000       14.753320      
51811.419712      3287.000000       14.762525      
51904.661447      3291.000000       14.771699      
51997.873344      3295.000000       14.780842      
52091.054994      3299.000000       14.789953      
52184.205990      3303.000000       14.799033      
52277.325923      3307.000000       14.808082      
52370.414386      3311.000000       14.817099      
52463.470970      3315.000000       14.826085      
52556.495269      3319.000000       14.835039      
52649.486874      3323.000000       14.843962      
52742.445378      3327.000000       14.852854      
52835.370375      3331.000000       14.861714      
52928.261456      3335.000000       14.870543      
53021.118215      3339.000000       14.879341      
53113.940245      3343.000000       14.888107      
53206.727141      3347.000000       14.896841      
53299.478494      3351.000000       14.905544      
53392.193899      3355.000000       14.914216      
53484.872949      3359.000000       14.922856      
53577.515240      3363.000000       14.931465      
53670.120364      3367.000000       14.940042      
53762.687916      3371.000000       14.948587      
53855.217491      3375.000000       14.957101      
53947.708683      3379.000000       14.965584      
54040.161088      3383.000000       14.974035      
54132.574299      3387.000000       14.982455      
54224.947913      3391.000000       14.990843      
54317.281525      3395.000000       14.999199      
54409.574729      3399.000000       15.007524      
54501.827123      3403.000000       15.015818      
54594.038301      3407.000000       15.024079      
54686.207860      3411.000000       15.032310      
54778.335396      3415.000000       15.040508      
54870.420506      3419.000000       15.048675      
54962.462786      3423.000000       15.056811      
55054.461832      3427.000000       15.064914      
55146.417243      3431.000000       15.072987      
55238.328614      3435.000000       15.081027      
55330.195544      3439.000000       15.089036      
55422.017630      3443.000000       15.097014      
55513.794469      3447.000000       15.104959      
55605.525660      3451.000000       15.112873      
55697.210801      3455.000000       15.120756      
55788.849490      3459.000000       15.128606      
55880.441326      3463.000000       15.136425      
55971.985907      3467.000000       15.144213      
56063.482833      3471.000000       15.151969      
56154.931703      3475.000000       15.159693      
56246.332115      3479.000000       15.167385      
56337.683670      3483.000000       15.175046      
56428.985968      3487.000000       15.182674      
56520.238608      3491.000000       15.190272      
56611.441191      3495.000000       15.197837      
56702.593318      3499.000000       15.205371      
56793.694588      3503.000000       15.212873      
56884.744603      3507.000000       15.220343      
56975.742964      3511.000000       15.227782      
57066.689273      3515.000000       15.235189      
57157.583130      3519.000000       15.242564      
57248.424138      3523.000000       15.249908      
57339.211899      3527.000000       15.257219      
57429.946016      3531.000000       15.264499      
57520.626090      3535.000000       15.271747      
57611.251724      3539.000000       15.278963      
57701.822522      3543.000000       15.286148      
57792.338086      3547.000000       15.293301      
57882.798021      3551.000000       15.300422      
57973.201929      3555.000000       15.307511      
58063.549415      3559.000000       15.314569      
58153.840084      3563.000000       15.321594      
58244.073539      3567.000000       15.328588      
58334.249385      3571.000000       15.335550      
58424.367227      3575.000000       15.342480      
58514.426671      3579.000000       15.349379      
58604.427322      3583.000000       15.356245      
58694.368785      3587.000000       15.363080      
58784.250667      3591.000000       15.369883      
58874.072574      3595.000000       15.376654      
58963.834113      3599.000000       15.383394      
59053.534889      3603.000000       15.390101      
59143.174511      3607.000000       15.396777      
59232.752586      3611.000000       15.403421      
59322.268721      3615.000000       15.410033      
59411.722524      3619.000000       15.416613      
59501.113603      3623.000000       15.423161      
59590.441566      3627.000000       15.429678      
59679.706023      3631.000000       15.436162      
59768.906582      3635.000000       15.442615      
59858.042853      3639.000000       15.449036      
59947.114444      3643.000000       15.455425      
60036.120967      3647.000000       15.461783      
60125.062030      3651.000000       15.468108      
60213.937245      3655.000000       15.474401      
60302.746221      3659.000000       15.480663      
60391.488571      3663.000000       15.486893      
60480.163905      3667.000000       15.493091      
60568.771834      3671.000000       15.499257      
60657.311971      3675.000000       15.505391      
60745.783927      3679.000000       15.511493      
60834.187316      3683.000000       15.517564      
60922.521750      3687.000000       15.523602      
61010.786841      3691.000000       15.529609      
61098.982204      3695.000000       15.535584      
61187.107452      3699.000000       15.541527      
61275.162198      3703.000000       15.547438      
61363.146057      3707.000000       15.553317      
61451.058645      3711.000000       15.559164      
61538.899574      3715.000000       15.564980      
61626.668462      3719.000000       15.570763      
61714.364923      3723.000000       15.576515      
61801.988572      3727.000000       15.582235      
61889.539027      3731.000000       15.587923      
61977.015904      3735.000000       15.593579      
62064.418820      3739.000000       15.599203      
62151.747391      3743.000000       15.604795      
62239.001235      3747.000000       15.610355      
62326.179969      3751.000000       15.615884      
62413.283213      3755.000000       15.621380      
62500.310584      3759.000000       15.626845      
62587.261702      3763.000000       15.632278      
62674.136184      3767.000000       15.637679      
62760.933651      3771.000000       15.643048      
62847.653723      3775.000000       15.648385      
62934.296019      3779.000000       15.653690      
63020.860160      3783.000000       15.658964      
63107.345767      3787.000000       15.664205      
63193.752461      3791.000000       15.669415      
63280.079864      3795.000000       15.674593      
63366.327596      3799.000000       15.679739      
63452.495281      3803.000000       15.684853      
63538.582541      3807.000000       15.689935      
63624.588999      3811.000000       15.694985      
63710.514277      3815.000000       15.700004      
63796.358001      3819.000000       15.704990      
63882.119793      3823.000000       15.709945      
63967.799278      3827.000000       15.714868      
64053.396080      3831.000000       15.719759      
64138.909825      3835.000000       15.724618      
64224.340138      3839.000000       15.729445      
64309.686645      3843.000000       15.734241      
64394.948971      3847.000000       15.739004      
64480.126745      3851.000000       15.743736      
64565.219591      3855.000000       15.748436      
64650.227137      3859.000000       15.753104      
64735.149012      3863.000000       15.757740      
64819.984843      3867.000000       15.762344      
64904.734258      3871.000000       15.766917      
64989.396887      3875.000000       15.771457      
65073.972358      3879.000000       15.775966      
65158.460300      3883.000000       15.780443      
65242.860344      3887.000000       15.784888      
65327.172121      3891.000000       15.789301      
65411.395259      3895.000000       15.793683      
65495.529392      3899.000000       15.798033      
65579.574149      3903.000000       15.802351      
65663.529164      3907.000000       15.806637      
65747.394067      3911.000000       15.810891      
65831.168493      3915.000000       15.815113      
65914.852073      3919.000000       15.819304      
65998.444441      3923.000000       15.823463      
66081.945231      3927.000000       15.827590      
66165.354078      3931.000000       15.831685      
66248.670615      3935.000000       15.835749      
66331.894478      3939.000000       15.839780      
66415.025303      3943.000000       15.843780      
66498.062724      3947.000000       15.847748      
66581.006379      3951.000000       15.851685      
66663.855904      3955.000000       15.855589      
66746.610936      3959.000000       15.859462      
66829.271112      3963.000000       15.863303      
66911.836071      3967.000000       15.867113      
66994.305451      3971.000000       15.870890      
67076.678890      3975.000000       15.874636      
67158.956027      3979.000000       15.878350      
67241.136503      3983.000000       15.882033      
67323.219957      3987.000000       15.885683      
67405.206029      3991.000000       15.889302      
67487.094361      3995.000000       15.892890      
67568.884594      3999.000000       15.896445      
67650.576369      4003.000000       15.899969      
67732.169329      4007.000000       15.903461      
67813.663116      4011.000000       15.906922      
67895.057372      4015.000000       15.910351      
67976.351743      4019.000000       15.913748      
68057.545871      4023.000000       15.917113      
68138.639400      4027.000000       15.920447      
68219.631977      4031.000000       15.923749      
68300.523244      4035.000000       15.927019      
68381.312850      4039.000000       15.930258      
68462.000438      4043.000000       15.933465      
68542.585657      4047.000000       15.936641      
68623.068152      4051.000000       15.939785      
68703.447572      4055.000000       15.942897      
68783.723564      4059.000000       15.945978      
68863.895777      4063.000000       15.949027      
68943.963859      4067.000000       15.952044      
69023.927460      4071.000000       15.955030      
69103.786229      4075.000000       15.957984      
69183.539817      4079.000000       15.960907      
69263.187874      4083.000000       15.963798      
69342.730051      4087.000000       15.966658      
69422.166000      4091.000000       15.969486      
69501.495372      4095.000000       15.972282      
69580.717821      4099.000000       15.975047      
69659.832999      4103.000000       15.977780      
69738.840560      4107.000000       15.980482      
69817.740157      4111.000000       15.983153      
69896.531446      4115.000000       15.985791      
69975.214080      4119.000000       15.988399      
70053.787715      4123.000000       15.990974      
70132.252007      4127.000000       15.993519      
70210.606612      4131.000000       15.996032      
70288.851187      4135.000000       15.998513      
70366.985389      4139.000000       16.000963      
70445.008876      4143.000000       16.003381      
70522.921306      4147.000000       16.005768      
70600.722337      4151.000000       16.008124      
70678.411630      4155.000000       16.010448      
70755.988843      4159.000000       16.012741      
70833.453637      4163.000000       16.015002      
70910.805672      4167.000000       16.017232      
70988.044610      4171.000000       16.019430      
71065.170112      4175.000000       16.021598      
71142.181841      4179.000000       16.023733      
71219.079458      4183.000000       16.025838      
71295.862628      4187.000000       16.027911      
71372.531013      4191.000000       16.029953      
71449.084278      4195.000000       16.031963      
71525.522087      4199.000000       16.033942      
71601.844106      4203.000000       16.035890      
71678.050001      4207.000000       16.037806      
71754.139437      4211.000000       16.039691      
71830.112081      4215.000000       16.041545      
71905.967601      4219.000000       16.043368      
71981.705663      4223.000000       16.045159      
72057.325937      4227.000000       16.046919      
72132.828091      4231.000000       16.048648      
72208.211794      4235.000000       16.050345      
72283.476716      4239.000000       16.052011      
72358.622527      4243.000000       16.053647      
72433.648899      4247.000000       16.055251      
72508.555501      4251.000000       16.056823      
72583.342008      4255.000000       16.058365      
72658.008089      4259.000000       16.059875      
72732.553420      4263.000000       16.061354      
72806.977672      4267.000000       16.062802      
72881.280521      4271.000000       16.064219      
72955.461640      4275.000000       16.065605      
73029.520704      4279.000000       16.066960      
73103.457390      4283.000000       16.068283      
73177.271373      4287.000000       16.069576      
73250.962329      4291.000000       16.070837      
73324.529937      4295.000000       16.072068      
73397.973874      4299.000000       16.073267      
73471.293817      4303.000000       16.074435      
73544.489446      4307.000000       16.075572      
73617.560441      4311.000000       16.076678      
73690.506480      4315.000000       16.077754      
73763.327245      4319.000000       16.078798      
73836.022417      4323.000000       16.079811      
73908.591677      4327.000000       16.080793      
73981.034706      4331.000000       16.081744      
74053.351189      4335.000000       16.082665      
74125.540808      4339.000000       16.083554      
74197.603246      4343.000000       16.084412      
74269.538189      4347.000000       16.085240      
74341.345320      4351.000000       16.086037      
74413.024326      4355.000000       16.086802      
74484.574892      4359.000000       16.087537      
74555.996705      4363.000000       16.088241      
74627.289452      4367.000000       16.088914      
74698.452821      4371.000000       16.089557      
74769.486500      4375.000000       16.090168      
74840.390178      4379.000000       16.090749      
74911.163544      4383.000000       16.091299      
74981.806288      4387.000000       16.091818      
75052.318101      4391.000000       16.092307      
75122.698673      4395.000000       16.092764      
75192.947697      4399.000000       16.093191      
75263.064865      4403.000000       16.093587      
75333.049870      4407.000000       16.093953      
75402.902404      4411.000000       16.094288      
75472.622163      4415.000000       16.094592      
75542.208840      4419.000000       16.094865      
75611.662131      4423.000000       16.095108      
75680.981731      4427.000000       16.095320      
75750.167337      4431.000000       16.095502      
75819.218646      4435.000000       16.095652      
75888.135355      4439.000000       16.095773      
75956.917162      4443.000000       16.095863      
76025.563767      4447.000000       16.095922      
76094.074867      4451.000000       16.095950      
76162.450164      4455.000000       16.095948      
76230.689358      4459.000000       16.095916      
76298.792149      4463.000000       16.095853      
76366.758239      4467.000000       16.095760      
76434.587331      4471.000000       16.095636      
76502.279128      4475.000000       16.095481      
76569.833332      4479.000000       16.095297      
76637.249649      4483.000000       16.095081      
76704.527782      4487.000000       16.094836      
76771.667437      4491.000000       16.094560      
76838.668319      4495.000000       16.094253      
76905.530136      4499.000000       16.093916      
76972.252595      4503.000000       16.093549      
77038.835402      4507.000000       16.093152      
77105.278267      4511.000000       16.092724      
77171.580898      4515.000000       16.092266      
77237.743006      4519.000000       16.091778      
77303.764299      4523.000000       16.091259      
77369.644489      4527.000000       16.090710      
77435.383287      4531.000000       16.090131      
77500.980405      4535.000000       16.089522      
77566.435556      4539.000000       16.088882      
77631.748454      4543.000000       16.088212      
77696.918811      4547.000000       16.087512      
77761.946343      4551.000000       16.086782      
77826.830764      4555.000000       16.086022      
77891.571791      4559.000000       16.085232      
77956.169139      4563.000000       16.084411      
78020.622526      4567.000000       16.083561      
78084.931670      4571.000000       16.082680      
78149.096288      4575.000000       16.081770      
78213.116100      4579.000000       16.080829      
78276.990825      4583.000000       16.079858      
78340.720183      4587.000000       16.078858      
78404.303896      4591.000000       16.077827      
78467.741684      4595.000000       16.076766      
78531.033269      4599.000000       16.075676      
78594.178376      4603.000000       16.074555      
78657.176725      4607.000000       16.073405      
78720.028043      4611.000000       16.072225      
78782.732053      4615.000000       16.071015      
78845.288481      4619.000000       16.069775      
78907.697052      4623.000000       16.068505      
78969.957494      4627.000000       16.067205      
79032.069533      4631.000000       16.065876      
79094.032898      4635.000000       16.064516      
79155.847317      4639.000000       16.063127      
79217.512519      4643.000000       16.061708      
79279.028234      4647.000000       16.060260      
79340.394193      4651.000000       16.058782      
79401.610126      4655.000000       16.057274      
79462.675766      4659.000000       16.055736      
79523.590844      4663.000000       16.054169      
79584.355095      4667.000000       16.052572      
79644.968252      4671.000000       16.050946      
79705.430050      4675.000000       16.049290      
79765.740223      4679.000000       16.047604      
79825.898507      4683.000000       16.045889      
79885.904639      4687.000000       16.044144      
79945.758356      4691.000000       16.042370      
80005.459396      4695.000000       16.040566      
80065.007496      4699.000000       16.038733      
80124.402397      4703.000000       16.036871      
80183.643839      4707.000000       16.034979      
80242.731560      4711.000000       16.033057      
80301.665304      4715.000000       16.031106      
80360.444811      4719.000000       16.029126      
80419.069823      4723.000000       16.027116      
80477.540085      4727.000000       16.025077      
80535.855340      4731.000000       16.023009      
80594.015333      4735.000000       16.020911      
80652.019808      4739.000000       16.018785      
80709.868512      4743.000000       16.016628      
80767.561191      4747.000000       16.014443      
80825.097593      4751.000000       16.012228      
80882.477465      4755.000000       16.009985      
80939.700556      4759.000000       16.007712      
80996.766615      4763.000000       16.005410      
81053.675392      4767.000000       16.003079      
81110.426639      4771.000000       16.000718      
81167.020106      4775.000000       15.998329      
81223.455545      4779.000000       15.995910      
81279.732709      4783.000000       15.993463      
81335.851352      4787.000000       15.990986      
81391.811228      4791.000000       15.988481      
81447.612091      4795.000000       15.985946      
81503.253698      4799.000000       15.983383      
81558.735804      4803.000000       15.980790      
81614.058166      4807.000000       15.978169      
81669.220542      4811.000000       15.975519      
81724.222690      4815.000000       15.972840      
81779.064370      4819.000000       15.970132      
81833.745340      4823.000000       15.967395      
81888.265362      4827.000000       15.964629      
81942.624197      4831.000000       15.961835      
81996.821606      4835.000000       15.959012      
82050.857352      4839.000000       15.956160      
82104.731199      4843.000000       15.953279      
82158.442909      4847.000000       15.950370      
82211.992249      4851.000000       15.947432      
82265.378983      4855.000000       15.944465      
82318.602877      4859.000000       15.941470      
82371.663698      4863.000000       15.938446      
82424.561214      4867.000000       15.935394      
82477.295194      4871.000000       15.932313      
82529.865405      4875.000000       15.929203      
82582.271618      4879.000000       15.926065      
82634.513602      4883.000000       15.922899      
82686.591130      4887.000000       15.919704      
82738.503973      4891.000000       15.916480      
82790.251904      4895.000000       15.913228      
82841.834695      4899.000000       15.909948      
82893.252121      4903.000000       15.906639      
82944.503957      4907.000000       15.903302      
82995.589977      4911.000000       15.899937      
83046.509959      4915.000000       15.896543      
83097.263679      4919.000000       15.893121      
83147.850914      4923.000000       15.889671      
83198.271444      4927.000000       15.886193      
83248.525047      4931.000000       15.882686      
83298.611502      4935.000000       15.879151      
83348.530592      4939.000000       15.875588      
83398.282095      4943.000000       15.871997      
83447.865796      4947.000000       15.868378      
83497.281476      4951.000000       15.864731      
83546.528920      4955.000000       15.861055      
83595.607910      4959.000000       15.857352      
83644.518233      4963.000000       15.853620      
83693.259674      4967.000000       15.849861      
83741.832018      4971.000000       15.846074      
83790.235055      4975.000000       15.842258      
83838.468571      4979.000000       15.838415      
83886.532355      4983.000000       15.834544      
83934.426196      4987.000000       15.830645      
83982.149885      4991.000000       15.826718      
84029.703213      4995.000000       15.822763      
84077.085970      4999.000000       15.818781      
84124.297951      5003.000000       15.814771      
84171.338946      5007.000000       15.810733      
84218.208752      5011.000000       15.806667      
84264.907161      5015.000000       15.802574      
84311.433970      5019.000000       15.798453      
84357.788975      5023.000000       15.794304      
84403.971972      5027.000000       15.790128      
84449.982759      5031.000000       15.785924      
84495.821135      5035.000000       15.781692      
84541.486898      5039.000000       15.777433      
84586.979849      5043.000000       15.773147      
84632.299788      5047.000000       15.768833      
84677.446517      5051.000000       15.764491      
84722.419837      5055.000000       15.760123      
84767.219552      5059.000000       15.755726      
84811.845466      5063.000000       15.751303      
84856.297382      5067.000000       15.746852      
84900.575106      5071.000000       15.742373      
84944.678444      5075.000000       15.737868      
84988.607202      5079.000000       15.733335      
85032.361189      5083.000000       15.728775      
85075.940212      5087.000000       15.724187      
85119.344081      5091.000000       15.719573      
85162.572604      5095.000000       15.714931      
85205.625593      5099.000000       15.710262      
85248.502859      5103.000000       15.705566      
85291.204215      5107.000000       15.700843      
85333.729472      5111.000000       15.696093      
85376.078444      5115.000000       15.691315      
85418.250947      5119.000000       15.686511      
85460.246794      5123.000000       15.681680      
85502.065803      5127.000000       15.676822      
85543.707789      5131.000000       15.671937      
85585.172571      5135.000000       15.667025      
85626.459965      5139.000000       15.662086      
85667.569793      5143.000000       15.657120      
85708.501872      5147.000000       15.652128      
85749.256024      5151.000000       15.647109      
85789.832071      5155.000000       15.642062      
85830.229833      5159.000000       15.636990      
85870.449135      5163.000000       15.631890      
85910.489799      5167.000000       15.626764      
85950.351651      5171.000000       15.621611      
85990.034516      5175.000000       15.616432      
86029.538219      5179.000000       15.611226      
86068.862587      5183.000000       15.605993      
86108.007448      5187.000000       15.600734      
86146.972631      5191.000000       15.595448      
86185.757964      5195.000000       15.590136      
86224.363278      5199.000000       15.584798      
86262.788402      5203.000000       15.579433      
86301.033170      5207.000000       15.574041      
86339.097412      5211.000000       15.568624      
86376.980962      5215.000000       15.563179      
86414.683654      5219.000000       15.557709      
86452.205323      5223.000000       15.552212      
86489.545803      5227.000000       15.546689      
86526.704932      5231.000000       15.541140      
86563.682546      5235.000000       15.535565      
86600.478483      5239.000000       15.529963      
86637.092581      5243.000000       15.524336      
86673.524681      5247.000000       15.518682      
86709.774622      5251.000000       15.513002      
86745.842245      5255.000000       15.507296      
86781.727392      5259.000000       15.501564      
86817.429905      5263.000000       15.495807      
86852.949628      5267.000000       15.490023      
86888.286405      5271.000000       15.484213      
86923.440082      5275.000000       15.478377      
86958.410502      5279.000000       15.472516      
86993.197514      5283.000000       15.466628      
87027.800965      5287.000000       15.460715      
87062.220702      5291.000000       15.454776      
87096.456575      5295.000000       15.448811      
87130.508433      5299.000000       15.442821      
87164.376127      5303.000000       15.436805      
87198.059508      5307.000000       15.430763      
87231.558428      5311.000000       15.424696      
87264.872741      5315.000000       15.418603      
87298.002299      5319.000000       15.412484      
87330.946958      5323.000000       15.406340      
87363.706572      5327.000000       15.400170      
87396.280998      5331.000000       15.393975      
87428.670093      5335.000000       15.387754      
87460.873714      5339.000000       15.381508      
87492.891720      5343.000000       15.375237      
87524.723971      5347.000000       15.368940      
87556.370325      5351.000000       15.362618      
87587.830645      5355.000000       15.356271      
87619.104792      5359.000000       15.349898      
87650.192628      5363.000000       15.343500      
87681.094017      5367.000000       15.337077      
87711.808823      5371.000000       15.330629      
87742.336911      5375.000000       15.324156      
87772.678146      5379.000000       15.317657      
87802.832395      5383.000000       15.311134      
87832.799526      5387.000000       15.304585      
87862.579406      5391.000000       15.298011      
87892.171904      5395.000000       15.291413      
87921.576890      5399.000000       15.284789      
87950.794235      5403.000000       15.278141      
87979.823810      5407.000000       15.271467      
88008.665487      5411.000000       15.264769      
88037.319139      5415.000000       15.258046      
88065.784639      5419.000000       15.251298      
88094.061863      5423.000000       15.244526      
88122.150685      5427.000000       15.237728      
88150.050982      5431.000000       15.230906      
88177.762630      5435.000000       15.224059      
88205.285507      5439.000000       15.217188      
88232.619492      5443.000000       15.210292      
88259.764464      5447.000000       15.203371      
88286.720303      5451.000000       15.196426      
88313.486890      5455.000000       15.189457      
88340.064107      5459.000000       15.182463      
88366.451835      5463.000000       15.175444      
88392.649959      5467.000000       15.168401      
88418.658362      5471.000000       15.161334      
88444.476929      5475.000000       15.154242      
88470.105546      5479.000000       15.147126      
88495.544099      5483.000000       15.139986      
88520.792475      5487.000000       15.132822      
88545.850563      5491.000000       15.125633      
88570.718250      5495.000000       15.118420      
88595.395427      5499.000000       15.111183      
88619.881983      5503.000000       15.103922      
88644.177810      5507.000000       15.096637      
88668.282800      5511.000000       15.089327      
88692.196845      5515.000000       15.081994      
88715.919838      5519.000000       15.074637      
88739.451673      5523.000000       15.067255      
88762.792246      5527.000000       15.059850      
88785.941452      5531.000000       15.052421      
88808.899187      5535.000000       15.044968      
88831.665348      5539.000000       15.037491      
88854.239833      5543.000000       15.029991      
88876.622541      5547.000000       15.022467      
88898.813371      5551.000000       15.014919      
88920.812223      5555.000000       15.007347      
88942.618998      5559.000000       14.999752      
88964.233597      5563.000000       14.992133      
88985.655922      5567.000000       14.984490      
89006.885876      5571.000000       14.976824      
89027.923363      5575.000000       14.969134      
89048.768287      5579.000000       14.961421      
89069.420552      5583.000000       14.953684      
89089.880064      5587.000000       14.945924      
89110.146730      5591.000000       14.938141      
89130.220456      5595.000000       14.930334      
89150.101150      5599.000000       14.922504      
89169.788720      5603.000000       14.914651      
89189.283074      5607.000000       14.906774      
89208.584121      5611.000000       14.898874      
89227.691773      5615.000000       14.890951      
89246.605938      5619.000000       14.883005      
89265.326528      5623.000000       14.875036      
89283.853455      5627.000000       14.867043      
89302.186630      5631.000000       14.859028      
89320.325966      5635.000000       14.850990      
89338.271376      5639.000000       14.842928      
89356.022773      5643.000000       14.834844      
89373.580071      5647.000000       14.826736      
89390.943184      5651.000000       14.818606      
89408.112026      5655.000000       14.810453      
89425.086513      5659.000000       14.802277      
89441.866560      5663.000000       14.794079      
89458.452080      5667.000000       14.785857      
89474.842992      5671.000000       14.777613      
89491.039209      5675.000000       14.769346      
89507.040647      5679.000000       14.761057      
89522.847223      5683.000000       14.752745      
89538.458852      5687.000000       14.744410      
89553.875450      5691.000000       14.736053      
89569.096932      5695.000000       14.727673      
89584.123213      5699.000000       14.719271      
89598.954209      5703.000000       14.710846      
89613.589834      5707.000000       14.702399      
89628.030001      5711.000000       14.693929      
89642.274625      5715.000000       14.685437      
89656.323617      5719.000000       14.676923      
89670.176890      5723.000000       14.668387      
89683.834355      5727.000000       14.659828      
89697.295920      5731.000000       14.651247      
89710.561494      5735.000000       14.642644      
89723.630983      5739.000000       14.634018      
89736.504292      5743.000000       14.625371      
89749.181325      5747.000000       14.616701      
89761.661980      5751.000000       14.608009      
89773.946157      5755.000000       14.599296      
89786.033749      5759.000000       14.590560      
89797.924649      5763.000000       14.581802      
89809.618745      5767.000000       14.573022      
89821.115919      5771.000000       14.564220      
89832.416052      5775.000000       14.555397      
89843.519017      5779.000000       14.546551      
89854.424682      5783.000000       14.537684      
89865.132908      5787.000000       14.528794      
89875.643550      5791.000000       14.519883      
89885.956452      5795.000000       14.510950      
89896.071450      5799.000000       14.501995      
89905.988371      5803.000000       14.493019      
89915.707027      5807.000000       14.484020      
89925.227219      5811.000000       14.475000      
89934.548731      5815.000000       14.465959      
89943.671330      5819.000000       14.456895      
89952.594763      5823.000000       14.447810      
89961.318756      5827.000000       14.438702      
89969.843008      5831.000000       14.429573      
89978.167188      5835.000000       14.420423      
89986.290934      5839.000000       14.411250      
89994.213841      5843.000000       14.402056      
90001.935463      5847.000000       14.392840      
90009.455300      5851.000000       14.383602      
90016.772791      5855.000000       14.374342      
90023.887307      5859.000000       14.365060      
90030.798133      5863.000000       14.355756      
90037.504457      5867.000000       14.346430      
90044.005350      5871.000000       14.337081      
90050.299742      5875.000000       14.327711      
90056.386399      5879.000000       14.318317      
90062.263877      5883.000000       14.308901      
90067.930486      5887.000000       14.299462      
90073.384221      5891.000000       14.289999      
90078.622691      5895.000000       14.280513      
90083.643004      5899.000000       14.271002      
90088.441624      5903.000000       14.261467      
90093.014162      5907.000000       14.251907      
90097.355066      5911.000000       14.242320      
90101.457151      5915.000000       14.232706      
90105.310839      5919.000000       14.223063      
90108.902826      5923.000000       14.213389      
90112.213506      5927.000000       14.203680      
90115.211299      5931.000000       14.193932      
90117.844900      5935.000000       14.184136      
90120.131348      5939.000000       14.174294      
90122.443674      5943.000000       14.164470      
90125.133320      5947.000000       14.154722      
90128.214177      5951.000000       14.145054      
90131.651707      5955.000000       14.135458      
90135.434372      5959.000000       14.125933      
90139.566278      5963.000000       14.116479      
90144.063387      5967.000000       14.107100      
90148.953330      5971.000000       14.097798      
90154.277646      5975.000000       14.088582      
90160.096838      5979.000000       14.079461      
90166.500204      5983.000000       14.070450      
90173.625613      5987.000000       14.061571      
90181.704066      5991.000000       14.052863      
90191.182371      5995.000000       14.044401      
90203.218576      5999.000000       14.036376      
