2.999969          3.000000          0.000010       
6.999844          7.000000          0.000022       
10.999619         11.000000         0.000035       
14.999295         15.000000         0.000047       
18.998871         19.000000         0.000059       
22.998347         23.000000         0.000072       
26.997723         27.000000         0.000084       
30.996999         31.000000         0.000097       
34.996176         35.000000         0.000109       
38.995253         39.000000         0.000122       
42.994230         43.000000         0.000134       
46.993107         47.000000         0.000147       
50.991884         51.000000         0.000159       
54.990561         55.000000         0.000172       
58.989138         59.000000         0.000184       
62.987616         63.000000         0.000197       
66.985995         67.000000         0.000209       
70.984281         71.000000         0.000221       
74.982542         75.000000         0.000233       
78.981262         79.000000         0.000237       
82.983174         83.000000         0.000203       
86.999648         87.000000         0.000004       
91.063613         91.000000         0.000699       
95.237108         95.000000         0.002496       
99.592147         99.000000         0.005981       
104.178556        103.000000        0.011442       
109.014947        107.000000        0.018831       
114.100934        111.000000        0.027936       
119.429509        115.000000        0.038517       
124.992895        119.000000        0.050360       
130.784348        123.000000        0.063287       
136.798405        127.000000        0.077153       
143.030717        131.000000        0.091838       
149.477809        135.000000        0.107243       
156.136881        139.000000        0.123287       
163.005649        143.000000        0.139900       
170.082227        147.000000        0.157022       
177.365041        151.000000        0.174603       
184.852764        155.000000        0.192598       
192.544262        159.000000        0.210970       
200.438561        163.000000        0.229684       
208.534817        167.000000        0.248711       
216.832288        171.000000        0.268025       
225.330322        175.000000        0.287602       
234.028337        179.000000        0.307421       
242.925815        183.000000        0.327463       
252.022286        187.000000        0.347713       
261.317325        191.000000        0.368154       
270.810543        195.000000        0.388772       
280.501584        199.000000        0.409556       
290.390116        203.000000        0.430493       
300.475832        207.000000        0.451574       
310.758445        211.000000        0.472789       
321.237685        215.000000        0.494129       
331.913296        219.000000        0.515586       
342.785036        223.000000        0.537153       
353.852672        227.000000        0.558822       
365.115983        231.000000        0.580589       
376.574756        235.000000        0.602446       
388.228783        239.000000        0.624388       
400.077866        243.000000        0.646411       
412.121808        247.000000        0.668509       
424.360420        251.000000        0.690679       
436.793517        255.000000        0.712916       
449.420914        259.000000        0.735216       
462.242432        263.000000        0.757576       
475.257894        267.000000        0.779992       
488.467125        271.000000        0.802462       
501.869950        275.000000        0.824982       
515.466198        279.000000        0.847549       
529.255697        283.000000        0.870161       
543.238276        287.000000        0.892816       
557.413766        291.000000        0.915511       
571.781997        295.000000        0.938244       
586.342799        299.000000        0.961013       
601.096004        303.000000        0.983815       
616.041441        307.000000        1.006650       
631.178941        311.000000        1.029514       
646.508333        315.000000        1.052407       
662.029446        319.000000        1.075327       
677.742110        323.000000        1.098273       
693.646152        327.000000        1.121242       
709.741398        331.000000        1.144234       
726.027676        335.000000        1.167247       
742.504810        339.000000        1.190280       
759.172625        343.000000        1.213331       
776.030943        347.000000        1.236400       
793.079586        351.000000        1.259486       
810.318376        355.000000        1.282587       
827.747132        359.000000        1.305702       
845.365671        363.000000        1.328831       
863.173811        367.000000        1.351972       
881.171368        371.000000        1.375125       
899.358156        375.000000        1.398288       
917.733987        379.000000        1.421462       
936.298673        383.000000        1.444644       
955.052024        387.000000        1.467835       
973.993848        391.000000        1.491033       
993.123952        395.000000        1.514238       
1012.442141       399.000000        1.537449       
1031.948220       403.000000        1.560666       
1051.641991       407.000000        1.583887       
1071.523254       411.000000        1.607113       
1091.591808       415.000000        1.630342       
1111.847452       419.000000        1.653574       
1132.289981       423.000000        1.676808       
1152.919188       427.000000        1.700045       
1173.734868       431.000000        1.723283       
1194.736810       435.000000        1.746521       
1215.924805       439.000000        1.769760       
1237.298640       443.000000        1.792999       
1258.858101       447.000000        1.816237       
1280.602971       451.000000        1.839474       
1302.533035       455.000000        1.862710       
1324.648073       459.000000        1.885944       
1346.947865       463.000000        1.909175       
1369.432187       467.000000        1.932403       
1392.100815       471.000000        1.955628       
1414.953525       475.000000        1.978850       
1437.990088       479.000000        2.002067       
1461.210276       483.000000        2.025280       
1484.613856       487.000000        2.048488       
1508.200598       491.000000        2.071692       
1531.970265       495.000000        2.094889       
1555.922623       499.000000        2.118081       
1580.057433       503.000000        2.141267       
1604.374455       507.000000        2.164447       
1628.873450       511.000000        2.187619       
1653.554173       515.000000        2.210785       
1678.416379       519.000000        2.233943       
1703.459824       523.000000        2.257093       
1728.684257       527.000000        2.280236       
1754.089430       531.000000        2.303370       
1779.675090       535.000000        2.326495       
1805.440985       539.000000        2.349612       
1831.386859       543.000000        2.372720       
1857.512456       547.000000        2.395818       
1883.817517       551.000000        2.418907       
1910.301781       555.000000        2.441985       
1936.964988       559.000000        2.465054       
1963.806872       563.000000        2.488112       
1990.827169       567.000000        2.511159       
2018.025612       571.000000        2.534195       
2045.401932       575.000000        2.557221       
2072.955857       579.000000        2.580235       
2100.687117       583.000000        2.603237       
2128.595436       587.000000        2.626227       
2156.680539       591.000000        2.649206       
2184.942149       595.000000        2.672172       
2213.379987       599.000000        2.695125       
2241.993771       603.000000        2.718066       
2270.783219       607.000000        2.740994       
2299.748047       611.000000        2.763908       
2328.887969       615.000000        2.786810       
2358.202697       619.000000        2.809697       
2387.691941       623.000000        2.832571       
2417.355412       627.000000        2.855431       
2447.192815       631.000000        2.878277       
2477.203856       635.000000        2.901108       
2507.388240       639.000000        2.923925       
2537.745669       643.000000        2.946727       
2568.275842       647.000000        2.969514       
2598.978458       651.000000        2.992286       
2629.853216       655.000000        3.015043       
2660.899810       659.000000        3.037784       
2692.117933       663.000000        3.060510       
2723.507278       667.000000        3.083219       
2755.067536       671.000000        3.105913       
2786.798394       675.000000        3.128590       
2818.699541       679.000000        3.151251       
2850.770661       683.000000        3.173896       
2883.011438       687.000000        3.196523       
2915.421554       691.000000        3.219134       
2948.000690       695.000000        3.241728       
2980.748524       699.000000        3.264304       
3013.664734       703.000000        3.286863       
3046.748994       707.000000        3.309405       
3080.000979       711.000000        3.331928       
3113.420361       715.000000        3.354434       
3147.006810       719.000000        3.376922       
3180.759995       723.000000        3.399391       
3214.679584       727.000000        3.421843       
3248.765241       731.000000        3.444275       
3283.016632       735.000000        3.466689       
3317.433418       739.000000        3.489084       
3352.015260       743.000000        3.511461       
3386.761818       747.000000        3.533818       
3421.672748       751.000000        3.556155       
3456.747706       755.000000        3.578474       
3491.986348       759.000000        3.600773       
3527.388325       763.000000        3.623052       
3562.953289       767.000000        3.645311       
3598.680889       771.000000        3.667550       
3634.570772       775.000000        3.689769       
3670.622587       779.000000        3.711967       
3706.835976       783.000000        3.734146       
3743.210583       787.000000        3.756303       
3779.746049       791.000000        3.778440       
3816.442015       795.000000        3.800556       
3853.298120       799.000000        3.822651       
3890.313998       803.000000        3.844725       
3927.489287       807.000000        3.866777       
3964.823619       811.000000        3.888808       
4002.316627       815.000000        3.910818       
4039.967941       819.000000        3.932806       
4077.777190       823.000000        3.954772       
4115.744002       827.000000        3.976716       
4153.868002       831.000000        3.998638       
4192.148815       835.000000        4.020538       
4230.586064       839.000000        4.042415       
4269.179369       843.000000        4.064270       
4307.928351       847.000000        4.086102       
4346.832628       851.000000        4.107911       
4385.891817       855.000000        4.129698       
4425.105532       859.000000        4.151462       
4464.473387       863.000000        4.173202       
4503.994994       867.000000        4.194919       
4543.669965       871.000000        4.216613       
4583.497907       875.000000        4.238283       
4623.478429       879.000000        4.259930       
4663.611137       883.000000        4.281553       
4703.895635       887.000000        4.303152       
4744.331526       891.000000        4.324727       
4784.918412       895.000000        4.346278       
4825.655894       899.000000        4.367804       
4866.543569       903.000000        4.389306       
4907.581035       907.000000        4.410784       
4948.767888       911.000000        4.432237       
4990.103721       915.000000        4.453665       
5031.588128       919.000000        4.475069       
5073.220700       923.000000        4.496447       
5115.001027       927.000000        4.517800       
5156.928696       931.000000        4.539129       
5199.003296       935.000000        4.560431       
5241.224411       939.000000        4.581709       
5283.591626       943.000000        4.602960       
5326.104523       947.000000        4.624186       
5368.762683       951.000000        4.645387       
5411.565686       955.000000        4.666561       
5454.513111       959.000000        4.687709       
5497.604534       963.000000        4.708831       
5540.839531       967.000000        4.729927       
5584.217675       971.000000        4.750997       
5627.738541       975.000000        4.772040       
5671.401698       979.000000        4.793056       
5715.206716       983.000000        4.814045       
5759.153165       987.000000        4.835008       
5803.240611       991.000000        4.855944       
5847.468619       995.000000        4.876853       
5891.836755       999.000000        4.897734       
5936.344581       1003.000000       4.918589       
5980.991658       1007.000000       4.939416       
6025.777548       1011.000000       4.960215       
6070.701808       1015.000000       4.980987       
6115.763995       1019.000000       5.001731       
6160.963667       1023.000000       5.022447       
6206.300378       1027.000000       5.043136       
6251.773681       1031.000000       5.063796       
6297.383129       1035.000000       5.084428       
6343.128271       1039.000000       5.105032       
6389.008658       1043.000000       5.125608       
6435.023837       1047.000000       5.146155       
6481.173355       1051.000000       5.166673       
6527.456758       1055.000000       5.187163       
6573.873589       1059.000000       5.207624       
6620.423392       1063.000000       5.228056       
6667.105707       1067.000000       5.248459       
6713.920076       1071.000000       5.268833       
6760.866036       1075.000000       5.289178       
6807.943125       1079.000000       5.309493       
6855.150880       1083.000000       5.329779       
6902.488835       1087.000000       5.350036       
6949.956525       1091.000000       5.370263       
6997.553481       1095.000000       5.390460       
7045.279235       1099.000000       5.410627       
7093.133316       1103.000000       5.430765       
7141.115254       1107.000000       5.450872       
7189.224575       1111.000000       5.470949       
7237.460806       1115.000000       5.490996       
7285.823471       1119.000000       5.511013       
7334.312095       1123.000000       5.530999       
7382.926199       1127.000000       5.550955       
7431.665305       1131.000000       5.570880       
7480.528932       1135.000000       5.590774       
7529.516599       1139.000000       5.610638       
7578.627824       1143.000000       5.630471       
7627.862122       1147.000000       5.650272       
7677.219010       1151.000000       5.670043       
7726.698000       1155.000000       5.689782       
7776.298605       1159.000000       5.709490       
7826.020337       1163.000000       5.729166       
7875.862706       1167.000000       5.748811       
7925.825221       1171.000000       5.768425       
7975.907390       1175.000000       5.788006       
8026.108719       1179.000000       5.807556       
8076.428714       1183.000000       5.827074       
8126.866879       1187.000000       5.846560       
8177.422718       1191.000000       5.866014       
8228.095732       1195.000000       5.885436       
8278.885422       1199.000000       5.904825       
8329.791288       1203.000000       5.924182       
8380.812829       1207.000000       5.943507       
8431.949542       1211.000000       5.962799       
8483.200923       1215.000000       5.982058       
8534.566468       1219.000000       6.001285       
8586.045670       1223.000000       6.020479       
8637.638022       1227.000000       6.039640       
8689.343016       1231.000000       6.058768       
8741.160144       1235.000000       6.077862       
8793.088893       1239.000000       6.096924       
8845.128754       1243.000000       6.115952       
8897.279213       1247.000000       6.134947       
8949.539756       1251.000000       6.153909       
9001.909869       1255.000000       6.172837       
9054.389037       1259.000000       6.191731       
9106.976741       1263.000000       6.210591       
9159.672464       1267.000000       6.229418       
9212.475687       1271.000000       6.248211       
9265.385891       1275.000000       6.266969       
9318.402552       1279.000000       6.285694       
9371.525151       1283.000000       6.304384       
9424.753162       1287.000000       6.323041       
9478.086062       1291.000000       6.341662       
9531.523326       1295.000000       6.360250       
9585.064427       1299.000000       6.378802       
9638.708838       1303.000000       6.397321       
9692.456030       1307.000000       6.415804       
9746.305474       1311.000000       6.434253       
9800.256639       1315.000000       6.452667       
9854.308994       1319.000000       6.471045       
9908.462008       1323.000000       6.489389       
9962.715145       1327.000000       6.507698       
10017.067872      1331.000000       6.525971       
10071.519654      1335.000000       6.544209       
10126.069954      1339.000000       6.562412       
10180.718234      1343.000000       6.580579       
10235.463957      1347.000000       6.598711       
10290.306584      1351.000000       6.616807       
10345.245573      1355.000000       6.634868       
10400.280384      1359.000000       6.652892       
10455.410475      1363.000000       6.670881       
10510.635302      1367.000000       6.688833       
10565.954322      1371.000000       6.706750       
10621.366990      1375.000000       6.724631       
10676.872761      1379.000000       6.742475       
10732.471086      1383.000000       6.760283       
10788.161419      1387.000000       6.778054       
10843.943211      1391.000000       6.795790       
10899.815913      1395.000000       6.813488       
10955.778974      1399.000000       6.831150       
11011.831843      1403.000000       6.848775       
11067.973968      1407.000000       6.866364       
11124.204795      1411.000000       6.883916       
11180.523772      1415.000000       6.901430       
11236.930343      1419.000000       6.918908       
11293.423953      1423.000000       6.936349       
11350.004045      1427.000000       6.953752       
11406.670062      1431.000000       6.971118       
11463.421445      1435.000000       6.988447       
11520.257636      1439.000000       7.005738       
11577.178075      1443.000000       7.022992       
11634.182202      1447.000000       7.040209       
11691.269454      1451.000000       7.057388       
11748.439269      1455.000000       7.074529       
11805.691084      1459.000000       7.091632       
11863.024336      1463.000000       7.108697       
11920.438460      1467.000000       7.125725       
11977.932889      1471.000000       7.142714       
12035.507059      1475.000000       7.159666       
12093.160400      1479.000000       7.176579       
12150.892347      1483.000000       7.193454       
12208.702330      1487.000000       7.210291       
12266.589779      1491.000000       7.227089       
12324.554125      1495.000000       7.243849       
12382.594796      1499.000000       7.260570       
12440.711221      1503.000000       7.277253       
12498.902828      1507.000000       7.293897       
12557.169042      1511.000000       7.310502       
12615.509291      1515.000000       7.327069       
12673.922999      1519.000000       7.343596       
12732.409592      1523.000000       7.360085       
12790.968492      1527.000000       7.376535       
12849.599124      1531.000000       7.392945       
12908.300910      1535.000000       7.409317       
12967.073271      1539.000000       7.425649       
13025.915629      1543.000000       7.441941       
13084.827404      1547.000000       7.458195       
13143.808016      1551.000000       7.474409       
13202.856884      1555.000000       7.490583       
13261.973426      1559.000000       7.506718       
13321.157059      1563.000000       7.522813       
13380.407202      1567.000000       7.538869       
13439.723270      1571.000000       7.554884       
13499.104679      1575.000000       7.570860       
13558.550844      1579.000000       7.586796       
13618.061180      1583.000000       7.602692       
13677.635100      1587.000000       7.618548       
13737.272018      1591.000000       7.634363       
13796.971346      1595.000000       7.650139       
13856.732496      1599.000000       7.665874       
13916.554879      1603.000000       7.681569       
13976.437907      1607.000000       7.697223       
14036.380990      1611.000000       7.712837       
14096.383536      1615.000000       7.728411       
14156.444955      1619.000000       7.743944       
14216.564656      1623.000000       7.759436       
14276.742045      1627.000000       7.774888       
14336.976531      1631.000000       7.790298       
14397.267521      1635.000000       7.805668       
14457.614419      1639.000000       7.820997       
14518.016633      1643.000000       7.836285       
14578.473566      1647.000000       7.851532       
14638.984623      1651.000000       7.866738       
14699.549209      1655.000000       7.881903       
14760.166727      1659.000000       7.897026       
14820.836579      1663.000000       7.912109       
14881.558168      1667.000000       7.927149       
14942.330897      1671.000000       7.942149       
15003.154166      1675.000000       7.957107       
15064.027376      1679.000000       7.972023       
15124.949927      1683.000000       7.986898       
15185.921221      1687.000000       8.001732       
15246.940655      1691.000000       8.016523       
15308.007629      1695.000000       8.031273       
15369.121542      1699.000000       8.045981       
15430.281791      1703.000000       8.060647       
15491.487774      1707.000000       8.075271       
15552.738889      1711.000000       8.089853       
15614.034531      1715.000000       8.104393       
15675.374098      1719.000000       8.118891       
15736.756984      1723.000000       8.133347       
15798.182586      1727.000000       8.147761       
15859.650298      1731.000000       8.162132       
15921.159514      1735.000000       8.176461       
15982.709630      1739.000000       8.190747       
16044.300038      1743.000000       8.204991       
16105.930133      1747.000000       8.219193       
16167.599306      1751.000000       8.233352       
16229.306951      1755.000000       8.247468       
16291.052459      1759.000000       8.261542       
16352.835223      1763.000000       8.275573       
16414.654634      1767.000000       8.289561       
16476.510083      1771.000000       8.303507       
16538.400961      1775.000000       8.317409       
16600.326657      1779.000000       8.331268       
16662.286563      1783.000000       8.345085       
16724.280068      1787.000000       8.358858       
16786.306561      1791.000000       8.372589       
16848.365431      1795.000000       8.386276       
16910.456068      1799.000000       8.399920       
16972.577858      1803.000000       8.413521       
17034.730192      1807.000000       8.427078       
17096.912455      1811.000000       8.440592       
17159.124036      1815.000000       8.454063       
17221.364323      1819.000000       8.467490       
17283.632701      1823.000000       8.480874       
17345.928558      1827.000000       8.494214       
17408.251280      1831.000000       8.507510       
17470.600253      1835.000000       8.520763       
17532.974863      1839.000000       8.533972       
17595.374496      1843.000000       8.547138       
17657.798536      1847.000000       8.560259       
17720.246370      1851.000000       8.573337       
17782.717382      1855.000000       8.586371       
17845.210956      1859.000000       8.599360       
17907.726478      1863.000000       8.612306       
17970.263331      1867.000000       8.625208       
18032.820899      1871.000000       8.638066       
18095.398566      1875.000000       8.650879       
18157.995716      1879.000000       8.663649       
18220.611732      1883.000000       8.676374       
18283.245998      1887.000000       8.689055       
18345.897896      1891.000000       8.701691       
18408.566810      1895.000000       8.714283       
18471.252121      1899.000000       8.726831       
18533.953213      1903.000000       8.739334       
18596.669469      1907.000000       8.751793       
18659.400269      1911.000000       8.764207       
18722.144997      1915.000000       8.776577       
18784.903034      1919.000000       8.788902       
18847.673762      1923.000000       8.801182       
18910.456564      1927.000000       8.813418       
18973.250819      1931.000000       8.825609       
19036.055911      1935.000000       8.837755       
19098.871220      1939.000000       8.849856       
19161.696128      1943.000000       8.861913       
19224.530015      1947.000000       8.873924       
19287.372263      1951.000000       8.885890       
19350.222253      1955.000000       8.897812       
19413.079366      1959.000000       8.909688       
19475.942983      1963.000000       8.921520       
19538.812484      1967.000000       8.933306       
19601.687250      1971.000000       8.945047       
19664.566662      1975.000000       8.956743       
19727.450101      1979.000000       8.968393       
19790.336947      1983.000000       8.979998       
19853.226580      1987.000000       8.991558       
19916.118382      1991.000000       9.003073       
19979.011733      1995.000000       9.014542       
20041.906012      1999.000000       9.025966       
20104.800602      2003.000000       9.037344       
20167.694882      2007.000000       9.048677       
20230.588232      2011.000000       9.059964       
20293.480034      2015.000000       9.071206       
20356.369667      2019.000000       9.082402       
20419.256513      2023.000000       9.093552       
20482.139952      2027.000000       9.104657       
20545.019364      2031.000000       9.115716       
20607.894130      2035.000000       9.126729       
20670.763631      2039.000000       9.137697       
20733.627248      2043.000000       9.148618       
20796.484361      2047.000000       9.159494       
20859.334351      2051.000000       9.170324       
20922.176599      2055.000000       9.181108       
20985.010486      2059.000000       9.191846       
21047.835394      2063.000000       9.202538       
21110.650703      2067.000000       9.213184       
21173.455795      2071.000000       9.223784       
21236.250050      2075.000000       9.234337       
21299.032852      2079.000000       9.244845       
21361.803580      2083.000000       9.255307       
21424.561617      2087.000000       9.265722       
21487.306345      2091.000000       9.276091       
21550.037145      2095.000000       9.286414       
21612.753401      2099.000000       9.296691       
21675.454493      2103.000000       9.306921       
21738.139804      2107.000000       9.317105       
21800.808718      2111.000000       9.327242       
21863.460616      2115.000000       9.337334       
21926.094881      2119.000000       9.347378       
21988.710898      2123.000000       9.357377       
22051.308048      2127.000000       9.367329       
22113.885715      2131.000000       9.377234       
22176.443283      2135.000000       9.387093       
22238.980136      2139.000000       9.396905       
22301.495657      2143.000000       9.406671       
22363.989232      2147.000000       9.416390       
22426.460243      2151.000000       9.426062       
22488.908077      2155.000000       9.435688       
22551.332118      2159.000000       9.445267       
22613.731750      2163.000000       9.454800       
22676.106360      2167.000000       9.464285       
22738.455333      2171.000000       9.473724       
22800.778055      2175.000000       9.483116       
22863.073912      2179.000000       9.492462       
22925.342291      2183.000000       9.501760       
22987.582577      2187.000000       9.511012       
23049.794158      2191.000000       9.520216       
23111.976422      2195.000000       9.529374       
23174.128755      2199.000000       9.538485       
23236.250545      2203.000000       9.547549       
23298.341182      2207.000000       9.556566       
23360.400052      2211.000000       9.565536       
23422.426545      2215.000000       9.574459       
23484.420050      2219.000000       9.583335       
23546.379956      2223.000000       9.592164       
23608.305652      2227.000000       9.600946       
23670.196530      2231.000000       9.609680       
23732.051979      2235.000000       9.618368       
23793.871390      2239.000000       9.627008       
23855.654154      2243.000000       9.635601       
23917.399662      2247.000000       9.644148       
23979.107307      2251.000000       9.652647       
24040.776480      2255.000000       9.661098       
24102.406574      2259.000000       9.669503       
24163.996982      2263.000000       9.677860       
24225.547098      2267.000000       9.686170       
24287.056315      2271.000000       9.694433       
24348.524027      2275.000000       9.702648       
24409.949628      2279.000000       9.710816       
24471.332514      2283.000000       9.718937       
24532.672081      2287.000000       9.727010       
24593.967723      2291.000000       9.735036       
24655.218838      2295.000000       9.743015       
24716.424821      2299.000000       9.750946       
24777.585070      2303.000000       9.758830       
24838.698983      2307.000000       9.766666       
24899.765957      2311.000000       9.774455       
24960.785391      2315.000000       9.782197       
25021.756684      2319.000000       9.789891       
25082.679236      2323.000000       9.797537       
25143.552446      2327.000000       9.805136       
25204.375715      2331.000000       9.812688       
25265.148443      2335.000000       9.820192       
25325.870032      2339.000000       9.827649       
25386.539884      2343.000000       9.835058       
25447.157402      2347.000000       9.842419       
25507.721988      2351.000000       9.849733       
25568.233045      2355.000000       9.856999       
25628.689978      2359.000000       9.864218       
25689.092192      2363.000000       9.871389       
25749.439090      2367.000000       9.878513       
25809.730079      2371.000000       9.885588       
25869.964565      2375.000000       9.892617       
25930.141955      2379.000000       9.899597       
25990.261655      2383.000000       9.906530       
26050.323074      2387.000000       9.913416       
26110.325621      2391.000000       9.920253       
26170.268703      2395.000000       9.927043       
26230.151731      2399.000000       9.933786       
26289.974114      2403.000000       9.940480       
26349.735264      2407.000000       9.947127       
26409.434592      2411.000000       9.953727       
26469.071510      2415.000000       9.960278       
26528.645430      2419.000000       9.966782       
26588.155766      2423.000000       9.973238       
26647.601931      2427.000000       9.979646       
26706.983340      2431.000000       9.986007       
26766.299407      2435.000000       9.992320       
26825.549550      2439.000000       9.998585       
26884.733184      2443.000000       10.004803      
26943.849725      2447.000000       10.010973      
27002.898593      2451.000000       10.017094      
27061.879205      2455.000000       10.023169      
27120.790980      2459.000000       10.029195      
27179.633337      2463.000000       10.035174      
27238.405699      2467.000000       10.041105      
27297.107484      2471.000000       10.046988      
27355.738116      2475.000000       10.052823      
27414.297017      2479.000000       10.058611      
27472.783609      2483.000000       10.064351      
27531.197317      2487.000000       10.070043      
27589.537566      2491.000000       10.075688      
27647.803781      2495.000000       10.081284      
27705.995387      2499.000000       10.086833      
27764.111812      2503.000000       10.092334      
27822.152483      2507.000000       10.097787      
27880.116829      2511.000000       10.103193      
27938.004278      2515.000000       10.108550      
27995.814260      2519.000000       10.113860      
28053.546207      2523.000000       10.119123      
28111.199549      2527.000000       10.124337      
28168.773718      2531.000000       10.129504      
28226.268147      2535.000000       10.134623      
28283.682271      2539.000000       10.139694      
28341.015523      2543.000000       10.144717      
28398.267338      2547.000000       10.149693      
28455.437153      2551.000000       10.154621      
28512.524405      2555.000000       10.159501      
28569.528531      2559.000000       10.164333      
28626.448970      2563.000000       10.169118      
28683.285161      2567.000000       10.173855      
28740.036545      2571.000000       10.178544      
28796.702561      2575.000000       10.183185      
28853.282653      2579.000000       10.187779      
28909.776263      2583.000000       10.192325      
28966.182834      2587.000000       10.196824      
29022.501810      2591.000000       10.201274      
29078.732638      2595.000000       10.205677      
29134.874763      2599.000000       10.210033      
29190.927632      2603.000000       10.214340      
29246.890693      2607.000000       10.218600      
29302.763394      2611.000000       10.222812      
29358.545186      2615.000000       10.226977      
29414.235519      2619.000000       10.231094      
29469.833845      2623.000000       10.235163      
29525.339615      2627.000000       10.239185      
29580.752283      2631.000000       10.243159      
29636.071303      2635.000000       10.247086      
29691.296130      2639.000000       10.250965      
29746.426221      2643.000000       10.254796      
29801.461032      2647.000000       10.258580      
29856.400021      2651.000000       10.262316      
29911.242647      2655.000000       10.266005      
29965.988370      2659.000000       10.269646      
30020.636651      2663.000000       10.273239      
30075.186950      2667.000000       10.276786      
30129.638732      2671.000000       10.280284      
30183.991459      2675.000000       10.283735      
30238.244596      2679.000000       10.287139      
30292.397610      2683.000000       10.290495      
30346.449965      2687.000000       10.293803      
30400.401130      2691.000000       10.297065      
30454.250574      2695.000000       10.300279      
30507.997766      2699.000000       10.303445      
30561.642177      2703.000000       10.306564      
30615.183278      2707.000000       10.309635      
30668.620541      2711.000000       10.312660      
30721.953442      2715.000000       10.315637      
30775.181453      2719.000000       10.318566      
30828.304051      2723.000000       10.321448      
30881.320713      2727.000000       10.324283      
30934.230916      2731.000000       10.327071      
30987.034139      2735.000000       10.329811      
31039.729862      2739.000000       10.332505      
31092.317567      2743.000000       10.335150      
31144.796734      2747.000000       10.337749      
31197.166847      2751.000000       10.340301      
31249.427391      2755.000000       10.342805      
31301.577849      2759.000000       10.345262      
31353.617710      2763.000000       10.347672      
31405.546460      2767.000000       10.350035      
31457.363587      2771.000000       10.352351      
31509.068581      2775.000000       10.354619      
31560.660933      2779.000000       10.356841      
31612.140135      2783.000000       10.359015      
31663.505680      2787.000000       10.361143      
31714.757061      2791.000000       10.363224      
31765.893774      2795.000000       10.365257      
31816.915314      2799.000000       10.367244      
31867.821181      2803.000000       10.369183      
31918.610871      2807.000000       10.371076      
31969.283885      2811.000000       10.372922      
32019.839724      2815.000000       10.374721      
32070.277889      2819.000000       10.376473      
32120.597884      2823.000000       10.378178      
32170.799213      2827.000000       10.379837      
32220.881382      2831.000000       10.381449      
32270.843897      2835.000000       10.383014      
32320.686266      2839.000000       10.384532      
32370.407998      2843.000000       10.386004      
32420.008603      2847.000000       10.387428      
32469.487593      2851.000000       10.388807      
32518.844481      2855.000000       10.390138      
32568.078780      2859.000000       10.391423      
32617.190005      2863.000000       10.392662      
32666.177672      2867.000000       10.393853      
32715.041299      2871.000000       10.394999      
32763.780405      2875.000000       10.396098      
32812.394509      2879.000000       10.397150      
32860.883133      2883.000000       10.398156      
32909.245798      2887.000000       10.399115      
32957.482029      2891.000000       10.400028      
33005.591351      2895.000000       10.400895      
33053.573289      2899.000000       10.401716      
33101.427370      2903.000000       10.402490      
33149.153124      2907.000000       10.403217      
33196.750081      2911.000000       10.403899      
33244.217770      2915.000000       10.404534      
33291.555726      2919.000000       10.405124      
33338.763481      2923.000000       10.405667      
33385.840570      2927.000000       10.406164      
33432.786531      2931.000000       10.406614      
33479.600899      2935.000000       10.407019      
33526.283215      2939.000000       10.407378      
33572.833018      2943.000000       10.407690      
33619.249849      2947.000000       10.407957      
33665.533252      2951.000000       10.408178      
33711.682771      2955.000000       10.408353      
33757.697950      2959.000000       10.408482      
33803.578337      2963.000000       10.408565      
33849.323480      2967.000000       10.408602      
33894.932928      2971.000000       10.408594      
33940.406231      2975.000000       10.408540      
33985.742943      2979.000000       10.408440      
34030.942615      2983.000000       10.408295      
34076.004803      2987.000000       10.408103      
34120.929064      2991.000000       10.407867      
34165.714953      2995.000000       10.407584      
34210.362031      2999.000000       10.407256      
34254.869858      3003.000000       10.406883      
34299.237994      3007.000000       10.406464      
34343.466003      3011.000000       10.406000      
34387.553450      3015.000000       10.405490      
34431.499899      3019.000000       10.404935      
34475.304918      3023.000000       10.404335      
34518.968076      3027.000000       10.403689      
34562.488942      3031.000000       10.402999      
34605.867087      3035.000000       10.402263      
34649.102084      3039.000000       10.401481      
34692.193508      3043.000000       10.400655      
34735.140934      3047.000000       10.399784      
34777.943938      3051.000000       10.398867      
34820.602099      3055.000000       10.397906      
34863.114996      3059.000000       10.396899      
34905.482212      3063.000000       10.395848      
34947.703328      3067.000000       10.394752      
34989.777929      3071.000000       10.393611      
35031.705599      3075.000000       10.392425      
35073.485927      3079.000000       10.391194      
35115.118500      3083.000000       10.389918      
35156.602908      3087.000000       10.388598      
35197.938743      3091.000000       10.387233      
35239.125596      3095.000000       10.385824      
35280.163064      3099.000000       10.384370      
35321.050740      3103.000000       10.382872      
35361.788223      3107.000000       10.381329      
35402.375110      3111.000000       10.379741      
35442.811003      3115.000000       10.378109      
35483.095502      3119.000000       10.376433      
35523.228212      3123.000000       10.374713      
35563.208735      3127.000000       10.372948      
35603.036679      3131.000000       10.371139      
35642.711651      3135.000000       10.369286      
35682.233260      3139.000000       10.367389      
35721.601117      3143.000000       10.365447      
35760.814834      3147.000000       10.363462      
35799.874024      3151.000000       10.361433      
35838.778303      3155.000000       10.359359      
35877.527287      3159.000000       10.357242      
35916.120595      3163.000000       10.355081      
35954.557846      3167.000000       10.352876      
35992.838661      3171.000000       10.350627      
36030.962663      3175.000000       10.348335      
36068.929478      3179.000000       10.345999      
36106.738729      3183.000000       10.343619      
36144.390046      3187.000000       10.341195      
36181.883056      3191.000000       10.338729      
36219.217391      3195.000000       10.336218      
36256.392682      3199.000000       10.333664      
36293.408564      3203.000000       10.331067      
36330.264671      3207.000000       10.328427      
36366.960640      3211.000000       10.325743      
36403.496110      3215.000000       10.323016      
36439.870720      3219.000000       10.320246      
36476.084113      3223.000000       10.317432      
36512.135930      3227.000000       10.314576      
36548.025818      3231.000000       10.311676      
36583.753421      3235.000000       10.308734      
36619.318389      3239.000000       10.305748      
36654.720370      3243.000000       10.302720      
36689.959016      3247.000000       10.299649      
36725.033979      3251.000000       10.296535      
36759.944913      3255.000000       10.293378      
36794.691475      3259.000000       10.290178      
36829.273322      3263.000000       10.286936      
36863.690113      3267.000000       10.283652      
36897.941509      3271.000000       10.280325      
36932.027172      3275.000000       10.276955      
36965.946766      3279.000000       10.273543      
36999.699957      3283.000000       10.270088      
37033.286412      3287.000000       10.266592      
37066.705800      3291.000000       10.263053      
37099.957791      3295.000000       10.259471      
37133.042058      3299.000000       10.255848      
37165.958274      3303.000000       10.252182      
37198.706115      3307.000000       10.248475      
37231.285258      3311.000000       10.244725      
37263.695382      3315.000000       10.240934      
37295.936167      3319.000000       10.237100      
37328.007294      3323.000000       10.233225      
37359.908449      3327.000000       10.229308      
37391.639316      3331.000000       10.225350      
37423.199583      3335.000000       10.221349      
37454.588937      3339.000000       10.217307      
37485.807070      3343.000000       10.213224      
37516.853674      3347.000000       10.209099      
37547.728441      3351.000000       10.204932      
37578.431069      3355.000000       10.200725      
37608.961253      3359.000000       10.196476      
37639.318693      3363.000000       10.192185      
37669.503088      3367.000000       10.187854      
37699.514142      3371.000000       10.183481      
37729.351558      3375.000000       10.179067      
37759.015042      3379.000000       10.174612      
37788.504300      3383.000000       10.170117      
37817.819043      3387.000000       10.165580      
37846.958979      3391.000000       10.161002      
37875.923823      3395.000000       10.156384      
37904.713287      3399.000000       10.151725      
37933.327087      3403.000000       10.147025      
37961.764942      3407.000000       10.142285      
37990.026570      3411.000000       10.137504      
38018.111692      3415.000000       10.132683      
38046.020030      3419.000000       10.127821      
38073.751310      3423.000000       10.122919      
38101.305256      3427.000000       10.117976      
38128.681597      3431.000000       10.112994      
38155.880063      3435.000000       10.107971      
38182.900383      3439.000000       10.102908      
38209.742292      3443.000000       10.097805      
38236.405524      3447.000000       10.092662      
38262.889815      3451.000000       10.087479      
38289.194903      3455.000000       10.082256      
38315.320529      3459.000000       10.076994      
38341.266433      3463.000000       10.071691      
38367.032359      3467.000000       10.066349      
38392.618052      3471.000000       10.060967      
38418.023259      3475.000000       10.055546      
38443.247727      3479.000000       10.050086      
38468.291208      3483.000000       10.044585      
38493.153453      3487.000000       10.039046      
38517.834216      3491.000000       10.033467      
38542.333252      3495.000000       10.027849      
38566.650319      3499.000000       10.022192      
38590.785174      3503.000000       10.016496      
38614.737580      3507.000000       10.010761      
38638.507297      3511.000000       10.004986      
38662.094090      3515.000000       9.999173       
38685.497725      3519.000000       9.993321       
38708.717969      3523.000000       9.987431       
38731.754592      3527.000000       9.981501       
38754.607364      3531.000000       9.975533       
38777.276058      3535.000000       9.969526       
38799.760448      3539.000000       9.963481       
38822.060310      3543.000000       9.957398       
38844.175423      3547.000000       9.951276       
38866.105565      3551.000000       9.945116       
38887.850518      3555.000000       9.938917       
38909.410065      3559.000000       9.932681       
38930.783990      3563.000000       9.926406       
38951.972080      3567.000000       9.920093       
38972.974122      3571.000000       9.913742       
38993.789907      3575.000000       9.907354       
39014.419225      3579.000000       9.900927       
39034.861869      3583.000000       9.894463       
39055.117634      3587.000000       9.887961       
39075.186317      3591.000000       9.881422       
39095.067714      3595.000000       9.874845       
39114.761627      3599.000000       9.868231       
39134.267855      3603.000000       9.861579       
39153.586203      3607.000000       9.854889       
39172.716473      3611.000000       9.848163       
39191.658472      3615.000000       9.841399       
39210.412008      3619.000000       9.834599       
39228.976890      3623.000000       9.827761       
39247.352928      3627.000000       9.820886       
39265.539934      3631.000000       9.813974       
39283.537722      3635.000000       9.807026       
39301.346107      3639.000000       9.800040       
39318.964905      3643.000000       9.793018       
39336.393935      3647.000000       9.785959       
39353.633016      3651.000000       9.778864       
39370.681968      3655.000000       9.771732       
39387.540614      3659.000000       9.764564       
39404.208777      3663.000000       9.757360       
39420.686281      3667.000000       9.750119       
39436.972953      3671.000000       9.742842       
39453.068619      3675.000000       9.735529       
39468.973107      3679.000000       9.728180       
39484.686247      3683.000000       9.720795       
39500.207868      3687.000000       9.713373       
39515.537802      3691.000000       9.705917       
39530.675881      3695.000000       9.698424       
39545.621938      3699.000000       9.690895       
39560.375805      3703.000000       9.683331       
39574.937318      3707.000000       9.675732       
39589.306310      3711.000000       9.668097       
39603.482618      3715.000000       9.660426       
39617.466075      3719.000000       9.652720       
39631.256517      3723.000000       9.644979       
39644.853781      3727.000000       9.637203       
39658.257701      3731.000000       9.629391       
39671.468112      3735.000000       9.621544       
39684.484849      3739.000000       9.613663       
39697.307745      3743.000000       9.605746       
39709.936634      3747.000000       9.597795       
39722.371346      3751.000000       9.589808       
39734.611711      3755.000000       9.581787       
39746.657558      3759.000000       9.573732       
39758.508713      3763.000000       9.565641       
39770.164998      3767.000000       9.557517       
39781.626233      3771.000000       9.549357       
39792.892236      3775.000000       9.541164       
39803.962817      3779.000000       9.532935       
39814.837785      3783.000000       9.524673       
39825.516942      3787.000000       9.516376       
39836.000082      3791.000000       9.508045       
39846.286994      3795.000000       9.499680       
39856.377458      3799.000000       9.491281       
39866.271243      3803.000000       9.482848       
39875.968110      3807.000000       9.474381       
39885.467804      3811.000000       9.465880       
39894.770058      3815.000000       9.457345       
39903.874589      3819.000000       9.448776       
39912.781094      3823.000000       9.440173       
39921.489249      3827.000000       9.431536       
39929.998705      3831.000000       9.422866       
39938.309085      3835.000000       9.414161       
39946.419980      3839.000000       9.405423       
39954.330943      3843.000000       9.396651       
39962.041482      3847.000000       9.387845       
39969.551055      3851.000000       9.379006       
39976.859060      3855.000000       9.370132       
39983.964828      3859.000000       9.361224       
39990.867603      3863.000000       9.352283       
39997.566535      3867.000000       9.343307       
40004.060659      3871.000000       9.334296       
40010.348869      3875.000000       9.325251       
40016.429894      3879.000000       9.316172       
40022.302257      3883.000000       9.307057       
40027.964233      3887.000000       9.297907       
40033.413788      3891.000000       9.288721       
40038.648498      3895.000000       9.279499       
40043.665440      3899.000000       9.270240       
40048.461049      3903.000000       9.260943       
40053.030908      3907.000000       9.251608       
40057.369436      3911.000000       9.242232       
40061.469420      3915.000000       9.232815       
40065.321254      3919.000000       9.223353       
40068.911603      3923.000000       9.213844       
40072.220827      3927.000000       9.204283       
40075.217300      3931.000000       9.194662       
40077.849684      3935.000000       9.184968       
40080.135397      3939.000000       9.175206       
40082.447920      3943.000000       9.165470       
40085.137887      3947.000000       9.155849       
40088.218867      3951.000000       9.146347       
40091.656369      3955.000000       9.136955       
40095.438897      3959.000000       9.127668       
40099.570577      3963.000000       9.118489       
40104.067386      3967.000000       9.109420       
40108.956968      3971.000000       9.100468       
40114.280870      3975.000000       9.091643       
40120.099604      3979.000000       9.082960       
40126.502479      3983.000000       9.074442       
40133.627372      3987.000000       9.066122       
40141.705300      3991.000000       9.058057       
40151.183090      3995.000000       9.050359       
40163.218827      3999.000000       9.043316       
