0.0009875297546386719
0.0011854171752929688
0.0008616447448730469
0.0007865428924560547
0.0008115768432617188
0.0007817745208740234
0.0008902549743652344
0.0008831024169921875
0.0009467601776123047
0.0008904933929443359
0.00078582763671875
0.0008013248443603516
0.0007989406585693359
0.0007698535919189453
0.0008602142333984375
0.0009770393371582031
0.00083160400390625
0.0007970333099365234
0.00079345703125
0.0008401870727539062
0.0007891654968261719
0.0008409023284912109
0.0008883476257324219
0.0010058879852294922
0.0008885860443115234
0.0007703304290771484
0.0008175373077392578
0.0007922649383544922
0.0007886886596679688
0.0008697509765625
0.0008444786071777344
0.0009696483612060547
0.0009226799011230469
0.0008015632629394531
0.0007898807525634766
0.0007975101470947266
0.0007915496826171875
0.0009183883666992188
0.0007991790771484375
0.0011286735534667969
0.0007920265197753906
0.0008466243743896484
0.0008063316345214844
0.0008089542388916016
0.0008020401000976562
0.0008425712585449219
0.0008716583251953125
0.0009129047393798828
0.0007996559143066406
0.0007956027984619141
0.0007915496826171875
0.0007994174957275391
0.0007891654968261719
0.0008301734924316406
0.0008594989776611328
0.0008890628814697266
0.0007905960083007812
0.0007991790771484375
0.0007946491241455078
0.0007905960083007812
0.0007898807525634766
0.00089263916015625
0.0009829998016357422
0.0008802413940429688
0.0007967948913574219
0.0007965564727783203
0.0007874965667724609
0.0007910728454589844
0.0007917881011962891
0.0008051395416259766
0.0009174346923828125
0.0008809566497802734
0.0007925033569335938
0.0008037090301513672
0.0007946491241455078
0.00080108642578125
0.0008058547973632812
0.0008006095886230469
0.0008809566497802734
0.000919342041015625
0.0007967948913574219
0.0007967948913574219
0.0007894039154052734
0.0008144378662109375
0.0008649826049804688
0.0008444786071777344
0.0008780956268310547
0.0009710788726806641
0.0008065700531005859
0.0007944107055664062
0.0008120536804199219
0.0008237361907958984
0.0008678436279296875
0.0007915496826171875
0.0010154247283935547
0.0009398460388183594
0.00083160400390625
0.0008633136749267578
0.002082347869873047
0.0023691654205322266
0.0009770393371582031
0.0009758472442626953
0.0009660720825195312
0.0009684562683105469
0.0009765625
0.0009412765502929688
0.0009653568267822266
0.0009465217590332031
0.0008990764617919922
0.0008766651153564453
0.0008707046508789062
0.0008475780487060547
0.0008280277252197266
0.0008189678192138672
0.0009140968322753906
0.0007977485656738281
0.0008282661437988281
0.001992464065551758
0.001901865005493164
0.001996755599975586
0.0019123554229736328
0.0014796257019042969
0.001459360122680664
0.0011889934539794922
0.0013384819030761719
0.0010797977447509766
0.001020669937133789
0.0008685588836669922
0.0008800029754638672
0.0008232593536376953
0.0007975101470947266
0.0008816719055175781
0.0010027885437011719
0.0008795261383056641
0.0008027553558349609
0.0007970333099365234
0.0007927417755126953
0.0007965564727783203
0.0008001327514648438
0.00087738037109375
0.0008761882781982422
0.0008916854858398438
0.0007939338684082031
0.0008606910705566406
0.0008065700531005859
0.0007953643798828125
0.0008618831634521484
0.0008013248443603516
0.0009222030639648438
0.0008721351623535156
0.0007965564727783203
0.0008661746978759766
0.0008001327514648438
0.0008733272552490234
0.0008716583251953125
0.0008037090301513672
0.0011670589447021484
0.0008802413940429688
0.0007989406585693359
0.0008008480072021484
0.0007956027984619141
0.0008029937744140625
0.0009336471557617188
0.0008604526519775391
0.0009033679962158203
0.0008819103240966797
0.0007863044738769531
0.0007898807525634766
0.0007963180541992188
0.0007932186126708984
0.0008983612060546875
0.0008456707000732422
0.0009660720825195312
0.0008833408355712891
0.0008502006530761719
0.0008006095886230469
0.0008611679077148438
0.0008614063262939453
0.0009419918060302734
0.0007905960083007812
0.000997304916381836
0.0008800029754638672
0.0007908344268798828
0.0007948875427246094
0.0007927417755126953
0.0007927417755126953
0.0009608268737792969
0.0007855892181396484
0.0011096000671386719
0.0008449554443359375
0.0007839202880859375
0.0009207725524902344
0.0008475780487060547
0.0007913112640380859
0.0008449554443359375
0.0007927417755126953
0.0010654926300048828
0.000827789306640625
0.0007891654968261719
0.0007922649383544922
