0.008152961730957031
0.009063482284545898
0.008429527282714844
0.008425474166870117
0.008234024047851562
0.008124589920043945
0.008248090744018555
0.008226633071899414
0.008942842483520508
0.008733034133911133
0.008297443389892578
0.008299589157104492
0.008192777633666992
0.008574485778808594
0.0087738037109375
0.008324861526489258
0.00859832763671875
0.008288860321044922
0.00830698013305664
0.008130311965942383
0.00825047492980957
0.008754491806030273
0.009119272232055664
0.008960962295532227
0.008426189422607422
0.008221149444580078
0.008224725723266602
0.008174657821655273
0.008500337600708008
0.009073972702026367
0.009002447128295898
0.008302688598632812
0.00826573371887207
0.008176803588867188
0.00821995735168457
0.008761167526245117
0.008441448211669922
0.008449316024780273
0.008317708969116211
0.008290767669677734
0.008263349533081055
0.008161067962646484
0.00935220718383789
0.009203672409057617
0.00898432731628418
0.008369207382202148
0.008272409439086914
0.008144855499267578
0.008219003677368164
0.008687496185302734
0.00849008560180664
0.00860595703125
0.008256196975708008
0.008297204971313477
0.008217573165893555
0.008166313171386719
0.008562564849853516
0.00843358039855957
0.00838160514831543
0.008213520050048828
0.008021354675292969
0.008039236068725586
0.008143186569213867
0.008085012435913086
0.009003877639770508
0.008760929107666016
0.008510589599609375
0.008236885070800781
0.00817561149597168
0.008170127868652344
0.008781671524047852
0.009275197982788086
0.009032487869262695
0.008368253707885742
0.00829625129699707
0.008073806762695312
0.008081674575805664
0.008353233337402344
0.008442163467407227
0.008411407470703125
0.008299827575683594
0.008086919784545898
0.008105278015136719
0.008098125457763672
0.009367942810058594
0.009296894073486328
0.009134292602539062
0.008579492568969727
0.008222818374633789
0.008316278457641602
0.008087158203125
0.008597850799560547
0.00919032096862793
0.008686065673828125
0.008463144302368164
0.008254766464233398
0.00829315185546875
0.008359432220458984
0.008620023727416992
0.008611917495727539
0.00854945182800293
0.008744478225708008
0.008210182189941406
0.008278369903564453
0.008229732513427734
0.008881092071533203
0.009056806564331055
0.008774042129516602
0.008339881896972656
0.00820159912109375
0.008346319198608398
0.008546829223632812
0.008533239364624023
0.008654117584228516
0.008765459060668945
0.008369922637939453
0.008159399032592773
0.008243083953857422
0.008178472518920898
0.008548259735107422
0.00830388069152832
0.008366107940673828
0.008356571197509766
0.008279800415039062
0.008221149444580078
0.00821685791015625
0.009489059448242188
0.009375572204589844
0.008974313735961914
0.00840616226196289
0.008346796035766602
0.008843183517456055
0.008452892303466797
0.009098529815673828
0.008372783660888672
0.008220672607421875
0.008149862289428711
0.00825047492980957
0.008283138275146484
0.008887290954589844
0.009445428848266602
0.009223699569702148
0.008818864822387695
0.00843048095703125
0.008237600326538086
0.008201837539672852
0.008291482925415039
0.008639335632324219
0.00861358642578125
0.008960485458374023
0.00897216796875
0.008236169815063477
0.008437156677246094
0.008248090744018555
0.008923768997192383
0.008844614028930664
0.00844430923461914
0.008401155471801758
0.008108377456665039
0.008168697357177734
0.008255720138549805
0.00876927375793457
0.008528947830200195
0.008275032043457031
0.012709379196166992
0.009337663650512695
0.008429765701293945
0.008330821990966797
0.00939798355102539
0.008861541748046875
0.008971929550170898
0.008272886276245117
0.008259057998657227
0.008236885070800781
0.008168935775756836
0.008853912353515625
0.00844883918762207
0.008607864379882812
0.00839686393737793
0.008238792419433594
0.008327007293701172
0.008841276168823242
0.009337186813354492
0.009082794189453125
0.008939266204833984
0.008576393127441406
0.008348941802978516
0.008224964141845703
0.00825643539428711
0.008903264999389648
0.008421897888183594
0.008554697036743164
0.008318185806274414
0.008306264877319336
0.008232831954956055
0.00816035270690918
0.009244441986083984
0.009262800216674805
0.009005069732666016
0.008472681045532227
