0.7771322727203369
0.7782361507415771
0.7725670337677002
0.7821555137634277
0.7749125957489014
0.7719237804412842
0.7716562747955322
0.7779512405395508
0.7713491916656494
0.7722117900848389
0.7803900241851807
0.7927608489990234
0.7797095775604248
0.7785851955413818
0.7718334197998047
0.7801742553710938
0.7733590602874756
0.7668612003326416
0.7764914035797119
0.7745046615600586
0.7731552124023438
0.7762854099273682
0.7774107456207275
0.7729175090789795
0.7731785774230957
0.7812173366546631
0.7799394130706787
0.7764513492584229
0.774364709854126
0.7802085876464844
0.7785093784332275
0.7708706855773926
0.7767033576965332
0.7723789215087891
0.7727169990539551
0.7726352214813232
0.7756905555725098
0.7746491432189941
0.770240068435669
0.780858039855957
0.7723941802978516
0.7742774486541748
0.7796454429626465
0.7757163047790527
0.7763302326202393
0.7682664394378662
0.7748932838439941
0.7835073471069336
0.7710740566253662
0.7721192836761475
0.7696614265441895
0.7658600807189941
0.7746679782867432
0.7782108783721924
0.777167558670044
0.7754740715026855
0.7740871906280518
0.7764043807983398
0.770172119140625
0.7753338813781738
0.7699894905090332
0.7738537788391113
0.7689452171325684
0.7773497104644775
0.770958423614502
0.7755482196807861
0.7778563499450684
0.7837855815887451
0.7732305526733398
0.7762072086334229
0.769075870513916
0.7760701179504395
0.7760844230651855
0.7786295413970947
0.7707533836364746
0.7871670722961426
0.7738466262817383
0.7739627361297607
0.7733058929443359
0.7659058570861816
0.7707695960998535
0.7762136459350586
0.7726116180419922
0.764594316482544
0.773871898651123
0.7691488265991211
0.7663037776947021
0.7753469944000244
0.7694883346557617
0.7744147777557373
0.7590227127075195
0.7700920104980469
0.7742342948913574
0.7693736553192139
0.7610063552856445
0.768742561340332
0.7733819484710693
0.7583181858062744
0.7629029750823975
0.759739875793457
0.7648587226867676
0.7782115936279297
0.77268385887146
0.7718980312347412
0.7750895023345947
0.7676587104797363
0.7650241851806641
0.7744195461273193
0.7662396430969238
0.7719759941101074
0.7664811611175537
0.7725973129272461
0.7846024036407471
0.7709181308746338
0.7660369873046875
0.7711107730865479
0.7700381278991699
0.7699723243713379
0.7745668888092041
0.7734153270721436
0.7865936756134033
0.7754025459289551
0.7813577651977539
0.759598970413208
0.7747175693511963
0.7662174701690674
0.7741265296936035
0.7783937454223633
0.7750706672668457
0.7756896018981934
0.7647244930267334
0.7698276042938232
0.7763011455535889
0.7728211879730225
0.7683188915252686
0.7731752395629883
0.7684495449066162
0.7733383178710938
0.7785959243774414
0.7718467712402344
0.7729785442352295
0.7684307098388672
0.7695596218109131
0.771399736404419
0.771028995513916
0.7696611881256104
0.768347978591919
0.7758312225341797
0.7767314910888672
0.7751686573028564
0.7694647312164307
0.7711670398712158
0.7817449569702148
0.7704532146453857
0.7702593803405762
0.7673385143280029
0.7661046981811523
0.7780938148498535
0.7741930484771729
0.7693452835083008
0.7622909545898438
0.7670543193817139
0.7663619518280029
0.7659451961517334
0.7681972980499268
0.7669627666473389
0.7645318508148193
0.7802202701568604
0.7696669101715088
0.7699871063232422
0.7713546752929688
0.775216817855835
0.7712926864624023
0.7749710083007812
0.7696926593780518
0.7814624309539795
0.7706310749053955
0.7665121555328369
0.7659378051757812
0.7769529819488525
0.7713041305541992
0.7699337005615234
0.7708723545074463
0.77191162109375
0.7720201015472412
0.7704267501831055
0.7747244834899902
0.7756521701812744
0.7732963562011719
0.7714779376983643
0.7772626876831055
0.7702090740203857
0.7700474262237549
0.7635860443115234
0.7691254615783691
0.7743213176727295
0.7706379890441895
0.7772316932678223
0.7714493274688721
0.774005651473999
