8.116246700286865
8.09424901008606
8.116287231445312
7.969042539596558
8.007555484771729
8.076123476028442
7.935431480407715
8.055232763290405
8.117464780807495
7.982211351394653
8.318700313568115
8.088041543960571
7.970305681228638
8.247865676879883
8.038800716400146
8.01582956314087
7.984304189682007
8.05138874053955
8.093295335769653
8.05245041847229
8.071468353271484
8.024099826812744
7.991234540939331
8.210217714309692
8.189912796020508
7.967143774032593
8.038739919662476
8.132326126098633
7.983385801315308
7.99420690536499
8.006691217422485
8.030502796173096
8.08845067024231
8.04423999786377
8.047556638717651
8.009953737258911
7.984675645828247
8.021199703216553
8.059897184371948
8.01471996307373
8.048075914382935
8.027061700820923
8.012792825698853
8.101909875869751
8.34294843673706
8.174544334411621
8.187284231185913
8.381000518798828
8.165167331695557
8.015139818191528
8.04271388053894
8.324862480163574
7.981412172317505
8.060396909713745
8.118837594985962
7.992743968963623
8.015382051467896
8.03137469291687
8.081812858581543
8.08729887008667
7.990612506866455
7.904736518859863
8.023291110992432
8.312851190567017
8.340488910675049
8.200169801712036
8.00287675857544
8.37266993522644
8.151361465454102
8.291141033172607
8.04642391204834
8.087611436843872
8.030540943145752
8.063560485839844
8.078173398971558
8.189738273620605
8.213273763656616
7.934157133102417
8.030978918075562
8.219824314117432
8.21045708656311
8.039441347122192
8.28257703781128
8.152223348617554
8.147978067398071
8.122483730316162
8.06255555152893
7.9993181228637695
8.14903450012207
8.14712929725647
8.094266176223755
8.077286958694458
8.128010988235474
8.208350419998169
8.060624122619629
8.09763765335083
8.08114242553711
8.099270105361938
7.979470252990723
7.999817132949829
8.063354253768921
8.10983681678772
8.195872783660889
8.159801721572876
8.02649736404419
8.113529205322266
8.379704236984253
8.018882274627686
8.244110345840454
8.018699169158936
8.056149959564209
8.395789384841919
8.098504781723022
8.144325494766235
8.216455698013306
7.926565647125244
7.940006971359253
8.039675951004028
7.95392107963562
8.040860176086426
8.014862537384033
8.022534608840942
8.533921718597412
7.9967567920684814
8.058632373809814
8.161665439605713
8.067052125930786
8.084985256195068
8.123406648635864
8.10622262954712
8.067885160446167
7.971439838409424
8.024256229400635
8.083393335342407
8.078617334365845
8.045223951339722
7.99706506729126
8.032288789749146
8.07944369316101
7.9983906745910645
8.121051549911499
8.135327577590942
8.009251594543457
8.301921606063843
7.999734163284302
7.911331415176392
8.074479818344116
8.011467933654785
8.241474866867065
8.038973331451416
8.014579057693481
8.051586627960205
8.129108905792236
8.100517988204956
8.006375789642334
7.98983097076416
8.01951289176941
7.990007400512695
8.090087175369263
8.42587161064148
8.016125440597534
8.005011796951294
8.106735467910767
8.0726900100708
8.130118131637573
8.094534635543823
8.029811143875122
8.137768983840942
8.101557970046997
8.09440803527832
8.074915409088135
8.02529525756836
7.927285671234131
8.121991872787476
8.054610252380371
8.058666944503784
7.993653297424316
8.063096284866333
8.47846269607544
8.053468227386475
8.090974807739258
8.209688663482666
8.09836459159851
7.990947246551514
7.94928765296936
8.026843786239624
8.43056869506836
8.548991203308105
8.108858585357666
8.095108032226562
8.307072877883911
7.996687889099121
8.021103143692017
8.118396520614624
7.89953088760376
8.030086517333984
8.133162498474121
8.033667802810669
7.99547266960144
7.999197006225586
