3.011083          3.000000          0.003694       
7.321425          7.000000          0.045918       
12.917357         11.000000         0.174305       
20.517840         15.000000         0.367856       
30.241614         19.000000         0.591664       
42.061040         23.000000         0.828741       
55.929208         27.000000         1.071452       
71.791793         31.000000         1.315864       
89.587621         35.000000         1.559646       
109.248604        39.000000         1.801246       
130.699812        43.000000         2.039531       
153.859657        47.000000         2.273610       
178.640144        51.000000         2.502748       
204.947177        55.000000         2.726312       
232.680898        59.000000         2.943744       
261.736056        63.000000         3.154541       
292.002402        67.000000         3.358245       
323.365098        71.000000         3.554438       
355.705154        75.000000         3.742735       
388.899877        79.000000         3.922783       
422.823336        83.000000         4.094257       
457.346836        87.000000         4.256860       
492.339407        91.000000         4.410323       
527.668302        95.000000         4.554403       
563.199498        99.000000         4.688884       
598.798204        103.000000        4.813575       
634.329374        107.000000        4.928312       
669.658216        111.000000        5.032957       
704.650706        115.000000        5.127397       
739.174093        119.000000        5.211547       
773.097404        123.000000        5.285345       
806.291941        127.000000        5.348755       
838.631763        131.000000        5.401769       
869.994169        135.000000        5.444401       
900.260156        139.000000        5.476692       
929.314871        143.000000        5.498705       
957.048039        147.000000        5.510531       
983.354378        151.000000        5.512281       
1008.133983       155.000000        5.504090       
1031.292689       159.000000        5.486118       
1052.742399       163.000000        5.458542       
1072.401360       167.000000        5.421565       
1090.194369       171.000000        5.375406       
1106.052859       175.000000        5.320302       
1119.914706       179.000000        5.256507       
1131.723408       183.000000        5.184281       
1141.425359       187.000000        5.103879       
1148.959909       191.000000        5.015497       
1154.240219       195.000000        4.919181       
1158.303601       199.000000        4.820621       
