2.988720          3.000000          0.003760       
7.176386          7.000000          0.025198       
12.323162         11.000000         0.120287       
18.741205         15.000000         0.249414       
26.054196         19.000000         0.371273       
33.674119         23.000000         0.464092       
40.970532         27.000000         0.517427       
47.322933         31.000000         0.526546       
52.154060         35.000000         0.490116       
56.119939         39.000000         0.438973       
