3.012118          3.000000          0.004039       
7.328150          7.000000          0.046879       
12.945462         11.000000         0.176860       
20.603859         15.000000         0.373591       
30.449782         19.000000         0.602620       
42.490933         23.000000         0.847432       
56.723379         27.000000         1.100866       
73.143198         31.000000         1.359458       
91.746830         35.000000         1.621338       
112.530794        39.000000         1.885405       
135.491496        43.000000         2.150965       
160.625127        47.000000         2.417556       
187.927617        51.000000         2.684855       
217.394597        55.000000         2.952629       
249.021390        59.000000         3.220702       
282.802998        63.000000         3.488936       
318.734097        67.000000         3.757225       
356.809036        71.000000         4.025479       
397.021834        75.000000         4.293624       
439.366177        79.000000         4.561597       
483.835421        83.000000         4.829342       
530.422594        87.000000         5.096811       
579.120390        91.000000         5.363960       
629.921176        95.000000         5.630749       
682.816989        99.000000         5.897141       
737.799540        103.000000        6.163102       
794.860213        107.000000        6.428600       
853.990067        111.000000        6.693604       
915.179836        115.000000        6.958086       
978.419935        119.000000        7.222016       
1043.700454       123.000000        7.485370       
1111.011165       127.000000        7.748119       
1180.341524       131.000000        8.010241       
1251.680669       135.000000        8.271709       
1325.017423       139.000000        8.532499       
1400.340296       143.000000        8.792589       
1477.637489       147.000000        9.051956       
1556.896892       151.000000        9.310575       
1638.106089       155.000000        9.568426       
1721.252356       159.000000        9.825487       
1806.322669       163.000000        10.081734      
1893.303700       167.000000        10.337148      
1982.181823       171.000000        10.591707      
2072.943115       175.000000        10.845389      
2165.573357       179.000000        11.098175      
2260.058037       183.000000        11.350044      
2356.382355       187.000000        11.600975      
2454.531220       191.000000        11.850949      
2554.489256       195.000000        12.099945      
2656.240805       199.000000        12.347944      
2759.769926       203.000000        12.594926      
2865.060401       207.000000        12.840872      
2972.095735       211.000000        13.085762      
3080.859160       215.000000        13.329577      
3191.333639       219.000000        13.572300      
3303.501864       223.000000        13.813910      
3417.346263       227.000000        14.054389      
3532.849003       231.000000        14.293719      
3649.991989       235.000000        14.531881      
3768.756869       239.000000        14.768857      
3889.125039       243.000000        15.004630      
4011.077642       247.000000        15.239181      
4134.595574       251.000000        15.472492      
4259.659484       255.000000        15.704547      
4386.249781       259.000000        15.935327      
4514.346633       263.000000        16.164816      
4643.929973       267.000000        16.392996      
4774.979502       271.000000        16.619851      
4907.474690       275.000000        16.845363      
5041.394780       279.000000        17.069515      
5176.718793       283.000000        17.292293      
5313.425529       287.000000        17.513678      
5451.493574       291.000000        17.733655      
5590.901297       295.000000        17.952208      
5731.626860       299.000000        18.169321      
5873.648216       303.000000        18.384978      
6016.943119       307.000000        18.599163      
6161.489119       311.000000        18.811862      
6307.263572       315.000000        19.023059      
6454.243643       319.000000        19.232739      
6602.406306       323.000000        19.440886      
6751.728350       327.000000        19.647487      
6902.186383       331.000000        19.852527      
7053.756835       335.000000        20.055991      
7206.415962       339.000000        20.257864      
7360.139848       343.000000        20.458134      
7514.904412       347.000000        20.656785      
7670.685410       351.000000        20.853805      
7827.458436       355.000000        21.049179      
7985.198932       359.000000        21.242894      
8143.882187       363.000000        21.434937      
8303.483341       367.000000        21.625295      
8463.977394       371.000000        21.813955      
8625.339201       375.000000        22.000905      
8787.543486       379.000000        22.186131      
8950.564837       383.000000        22.369621      
9114.377717       387.000000        22.551364      
9278.956462       391.000000        22.731346      
9444.275292       395.000000        22.909558      
9610.308308       399.000000        23.085986      
9777.029499       403.000000        23.260619      
9944.412748       407.000000        23.433447      
10112.431833      411.000000        23.604457      
10281.060434      415.000000        23.773640      
10450.272133      419.000000        23.940984      
10620.040423      423.000000        24.106479      
10790.338707      427.000000        24.270114      
10961.140309      431.000000        24.431880      
11132.418471      435.000000        24.591767      
11304.146361      439.000000        24.749764      
11476.297077      443.000000        24.905862      
11648.843651      447.000000        25.060053      
11821.759052      451.000000        25.212326      
11995.016192      455.000000        25.362673      
12168.587929      459.000000        25.511085      
12342.447072      463.000000        25.657553      
12516.566386      467.000000        25.802069      
12690.918593      471.000000        25.944625      
12865.476380      475.000000        26.085213      
13040.212401      479.000000        26.223825      
13215.099284      483.000000        26.360454      
13390.109630      487.000000        26.495092      
13565.216025      491.000000        26.627731      
13740.391035      495.000000        26.758366      
13915.607220      499.000000        26.886988      
14090.837130      503.000000        27.013593      
14266.053314      507.000000        27.138172      
14441.228324      511.000000        27.260721      
14616.334719      515.000000        27.381232      
14791.345065      519.000000        27.499701      
14966.231947      523.000000        27.616122      
15140.967968      527.000000        27.730490      
15315.525755      531.000000        27.842798      
15489.877962      535.000000        27.953043      
15663.997275      539.000000        28.061219      
15837.856418      543.000000        28.167323      
16011.428154      547.000000        28.271349      
16184.685294      551.000000        28.373295      
16357.600694      555.000000        28.473154      
16530.147267      559.000000        28.570925      
16702.297983      563.000000        28.666604      
16874.025872      567.000000        28.760187      
17045.304033      571.000000        28.851671      
17216.105634      575.000000        28.941053      
17386.403918      579.000000        29.028331      
17556.172206      583.000000        29.113503      
17725.383904      587.000000        29.196565      
17894.012504      591.000000        29.277517      
18062.031588      595.000000        29.356356      
18229.414836      599.000000        29.433080      
18396.136026      603.000000        29.507688      
18562.169040      607.000000        29.580180      
18727.487869      611.000000        29.650553      
18892.066613      615.000000        29.718808      
19055.879491      619.000000        29.784943      
19218.900840      623.000000        29.848958      
19381.105123      627.000000        29.910853      
19542.466929      631.000000        29.970629      
19702.960979      635.000000        30.028285      
19862.562132      639.000000        30.083822      
20021.245385      643.000000        30.137240      
20178.985879      647.000000        30.188541      
20335.758903      651.000000        30.237725      
20491.539898      655.000000        30.284794      
20646.304460      659.000000        30.329749      
20800.028343      663.000000        30.372592      
20952.687467      667.000000        30.413325      
21104.257917      671.000000        30.451949      
21254.715947      675.000000        30.488468      
21404.037988      679.000000        30.522884      
21552.200647      683.000000        30.555199      
21699.180715      687.000000        30.585416      
21844.955165      691.000000        30.613539      
21989.501162      695.000000        30.639570      
22132.796060      699.000000        30.663514      
22274.817413      703.000000        30.685373      
22415.542972      707.000000        30.705153      
22554.950691      711.000000        30.722856      
22693.018731      715.000000        30.738488      
22829.725463      719.000000        30.752052      
22965.049471      723.000000        30.763554      
23098.969555      727.000000        30.772998      
23231.464737      731.000000        30.780390      
23362.514261      735.000000        30.785734      
23492.097595      739.000000        30.789036      
23620.194441      743.000000        30.790302      
23746.784731      747.000000        30.789538      
23871.848635      751.000000        30.786749      
23995.366559      755.000000        30.781942      
24117.319154      759.000000        30.775124      
24237.687316      763.000000        30.766301      
24356.452188      767.000000        30.755479      
24473.595165      771.000000        30.742666      
24589.097896      775.000000        30.727868      
24702.942285      779.000000        30.711094      
24815.110500      783.000000        30.692351      
24925.584967      787.000000        30.671645      
25034.348381      791.000000        30.648987      
25141.383703      795.000000        30.624382      
25246.674164      799.000000        30.597840      
25350.203271      803.000000        30.569369      
25451.954805      807.000000        30.538977      
25551.912826      811.000000        30.506674      
25650.061674      815.000000        30.472468      
25746.385973      819.000000        30.436369      
25840.870635      823.000000        30.398385      
25933.500856      827.000000        30.358526      
26024.262126      831.000000        30.316802      
26113.140225      835.000000        30.273222      
26200.121231      839.000000        30.227796      
26285.191517      843.000000        30.180536      
26368.337755      847.000000        30.131450      
26449.546920      851.000000        30.080549      
26528.806289      855.000000        30.027844      
26606.103444      859.000000        29.973345      
26681.426277      863.000000        29.917064      
26754.762987      867.000000        29.859012      
26826.102083      871.000000        29.799199      
26895.432389      875.000000        29.737637      
26962.743043      879.000000        29.674338      
27028.023498      883.000000        29.609313      
27091.263526      887.000000        29.542574      
27152.453218      891.000000        29.474134      
27211.582984      895.000000        29.404003      
27268.643560      899.000000        29.332195      
27323.626002      903.000000        29.258722      
27376.521692      907.000000        29.183596      
27427.322339      911.000000        29.106830      
27476.019976      915.000000        29.028437      
27522.606967      919.000000        28.948430      
27567.076003      923.000000        28.866821      
27609.420103      927.000000        28.783625      
27649.632616      931.000000        28.698854      
27687.707220      935.000000        28.612521      
27723.637921      939.000000        28.524641      
27757.419048      943.000000        28.435227      
27789.045256      947.000000        28.344293      
27818.511513      951.000000        28.251852      
27845.813095      955.000000        28.157919      
27870.945565      959.000000        28.062508      
27893.904747      963.000000        27.965633      
27914.686671      967.000000        27.867308      
27933.287471      971.000000        27.767546      
27949.703183      975.000000        27.666362      
27963.929303      979.000000        27.563768      
27975.959738      983.000000        27.459776      
27985.783877      987.000000        27.354391      
27993.376498      991.000000        27.247605      
27998.678319      995.000000        27.139375      
28002.746238      999.000000        27.030777      
