3.012040          3.000000          0.004013       
7.327639          7.000000          0.046806       
12.943327         11.000000         0.176666       
20.597319         15.000000         0.373155       
30.433936         19.000000         0.601786       
42.458167         23.000000         0.846007       
56.662757         27.000000         1.098621       
73.039864         31.000000         1.356125       
91.581412         35.000000         1.616612       
112.278805        39.000000         1.878944       
135.122747        43.000000         2.142389       
160.103138        47.000000         2.406450       
187.209030        51.000000         2.670765       
216.428601        55.000000         2.935065       
247.749141        59.000000         3.199138       
281.157049        63.000000         3.462810       
316.637834        67.000000         3.725938       
354.176116        71.000000         3.988396       
393.755628        75.000000         4.250075       
435.359225        79.000000         4.510876       
478.968891        83.000000         4.770710       
524.565741        87.000000         5.029491       
572.130032        91.000000         5.287143       
621.641172        95.000000         5.543591       
673.077725        99.000000         5.798765       
726.417426        103.000000        6.052596       
781.637183        107.000000        6.305020       
838.713092        111.000000        6.555974       
897.620448        115.000000        6.805395       
958.333750        119.000000        7.053225       
1020.826719       123.000000        7.299404       
1085.072303       127.000000        7.543876       
1151.042693       131.000000        7.786585       
1218.709334       135.000000        8.027477       
1288.042935       139.000000        8.266496       
1359.013487       143.000000        8.503591       
1431.590268       147.000000        8.738709       
1505.741865       151.000000        8.971800       
1581.436181       155.000000        9.202814       
1658.640452       159.000000        9.431701       
1737.321260       163.000000        9.658413       
1817.444548       167.000000        9.882901       
1898.975636       171.000000        10.105121      
1981.879233       175.000000        10.325024      
2066.119455       179.000000        10.542567      
2151.659838       183.000000        10.757704      
2238.463358       187.000000        10.970392      
2326.492441       191.000000        11.180589      
2415.708985       195.000000        11.388251      
2506.074372       199.000000        11.593339      
2597.549490       203.000000        11.795810      
2690.094743       207.000000        11.995627      
2783.670073       211.000000        12.192749      
2878.234978       215.000000        12.387139      
2973.748525       219.000000        12.578760      
3070.169371       223.000000        12.767576      
3167.455783       227.000000        12.953550      
3265.565650       231.000000        13.136648      
3364.456505       235.000000        13.316836      
3464.085546       239.000000        13.494082      
3564.409646       243.000000        13.668352      
3665.385384       247.000000        13.839617      
3766.969050       251.000000        14.007845      
3869.116676       255.000000        14.173007      
3971.784049       259.000000        14.335074      
4074.926728       263.000000        14.494018      
4178.500069       267.000000        14.649813      
4282.459242       271.000000        14.802433      
4386.759248       275.000000        14.951852      
4491.354941       279.000000        15.098046      
4596.201049       283.000000        15.240993      
4701.252190       287.000000        15.380670      
4806.462892       291.000000        15.517055      
4911.787615       295.000000        15.650128      
5017.180772       299.000000        15.779869      
5122.596743       303.000000        15.906260      
5227.989899       307.000000        16.029283      
5333.314622       311.000000        16.148922      
5438.525323       315.000000        16.265160      
5543.576462       319.000000        16.377983      
5648.422568       323.000000        16.487376      
5753.018260       327.000000        16.593328      
5857.318263       331.000000        16.695826      
5961.277433       335.000000        16.794858      
6064.850771       339.000000        16.890415      
6167.993447       343.000000        16.982488      
6270.660815       347.000000        17.071069      
6372.808437       351.000000        17.156149      
6474.392098       355.000000        17.237724      
6575.367830       359.000000        17.315788      
6675.691925       363.000000        17.390336      
6775.320959       367.000000        17.461365      
6874.211808       371.000000        17.528873      
6972.321667       375.000000        17.592858      
7069.608071       379.000000        17.653319      
7166.028909       383.000000        17.710258      
7261.542446       387.000000        17.763676      
7356.107341       391.000000        17.813574      
7449.682661       395.000000        17.859956      
7542.227902       399.000000        17.902827      
7633.703007       403.000000        17.942191      
7724.068381       407.000000        17.978055      
7813.284911       411.000000        18.010426      
7901.313978       415.000000        18.039311      
7988.117481       419.000000        18.064720      
8073.657846       423.000000        18.086662      
8157.898049       427.000000        18.105148      
8240.801625       431.000000        18.120189      
8322.332691       435.000000        18.131799      
8402.455955       439.000000        18.139991      
8481.136736       443.000000        18.144778      
8558.340979       447.000000        18.146177      
8634.035264       451.000000        18.144202      
8708.186827       455.000000        18.138872      
8780.763573       459.000000        18.130204      
8851.734084       463.000000        18.118216      
8921.067643       467.000000        18.102929      
8988.734236       471.000000        18.084361      
9054.704574       475.000000        18.062536      
9118.950101       479.000000        18.037474      
9181.443007       483.000000        18.009199      
9242.156239       487.000000        17.977734      
9301.063517       491.000000        17.943103      
9358.139340       495.000000        17.905332      
9413.359000       499.000000        17.864447      
9466.698592       503.000000        17.820474      
9518.135024       507.000000        17.773442      
9567.646025       511.000000        17.723378      
9615.210158       515.000000        17.670311      
9660.806826       519.000000        17.614271      
9704.416283       523.000000        17.555289      
9746.019639       527.000000        17.493396      
9785.598867       531.000000        17.428623      
9823.136814       535.000000        17.361003      
9858.617200       539.000000        17.290570      
9892.024629       543.000000        17.217357      
9923.344584       547.000000        17.141398      
9952.563431       551.000000        17.062729      
9979.668416       555.000000        16.981385      
10004.647646      559.000000        16.897402      
10027.490068      563.000000        16.810817      
10048.185422      567.000000        16.721667      
10066.724137      571.000000        16.629990      
10083.097137      575.000000        16.535821      
10097.295402      579.000000        16.439198      
10109.308915      583.000000        16.340153      
10119.123745      587.000000        16.238712      
10126.711948      591.000000        16.134876      
10132.012134      595.000000        16.028592      
10136.079709      599.000000        15.921669      
