3.012094          3.000000          0.004031       
7.327988          7.000000          0.046855       
12.944785         11.000000         0.176799       
20.601784         15.000000         0.373452       
30.444753         19.000000         0.602355       
42.480535         23.000000         0.846980       
56.704139         27.000000         1.100153       
73.110399         31.000000         1.358400       
91.694319         35.000000         1.619838       
112.450793        39.000000         1.883354       
135.374410        43.000000         2.148242       
160.459360        47.000000         2.414029       
187.699381        51.000000         2.680380       
217.087727        55.000000         2.947050       
248.617158        59.000000         3.213850       
282.279929        63.000000         3.480634       
318.067784        67.000000         3.747280       
355.971957        71.000000         4.013690       
395.983174        75.000000         4.279776       
438.091645        79.000000         4.545464       
482.287075        83.000000         4.810688       
528.558660        87.000000         5.075387       
576.895090        91.000000         5.339506       
627.284551        95.000000         5.602995       
679.714731        99.000000         5.865805       
734.172818        103.000000        6.127891       
790.645506        107.000000        6.389210       
849.118998        111.000000        6.649721       
909.579008        115.000000        6.909383       
972.010764        119.000000        7.168158       
1036.399014       123.000000        7.426008       
1102.728027       127.000000        7.682898       
1170.981600       131.000000        7.938791       
1241.143058       135.000000        8.193652       
1313.195262       139.000000        8.447448       
1387.120608       143.000000        8.700144       
1462.901039       147.000000        8.951708       
1540.518040       151.000000        9.202106       
1619.952652       155.000000        9.451307       
1701.185468       159.000000        9.699280       
1784.196645       163.000000        9.945992       
1868.965904       167.000000        10.191413      
1955.472536       171.000000        10.435512      
2043.695410       175.000000        10.678259      
2133.612972       179.000000        10.919626      
2225.203258       183.000000        11.159581      
2318.443894       187.000000        11.398096      
2413.312100       191.000000        11.635142      
2509.784703       195.000000        11.870691      
2607.838136       199.000000        12.104714      
2707.448444       203.000000        12.337184      
2808.591295       207.000000        12.568074      
2911.241981       211.000000        12.797355      
3015.375426       215.000000        13.025002      
3120.966191       219.000000        13.250987      
3227.988481       223.000000        13.475285      
3336.416153       227.000000        13.697869      
3446.222720       231.000000        13.918713      
3557.381356       235.000000        14.137793      
3669.864908       239.000000        14.355083      
3783.645896       243.000000        14.570559      
3898.696527       247.000000        14.784196      
4014.988694       251.000000        14.995971      
4132.493990       255.000000        15.205859      
4251.183709       259.000000        15.413837      
4371.028856       263.000000        15.619882      
4492.000156       267.000000        15.823971      
4614.068056       271.000000        16.026081      
4737.202738       275.000000        16.226192      
4861.374121       279.000000        16.424280      
4986.551871       283.000000        16.620325      
5112.705410       287.000000        16.814305      
5239.803920       291.000000        17.006199      
5367.816353       295.000000        17.195988      
5496.711436       299.000000        17.383650      
5626.457683       303.000000        17.569167      
5757.023398       307.000000        17.752519      
5888.376686       311.000000        17.933687      
6020.485459       315.000000        18.112652      
6153.317444       319.000000        18.289396      
6286.840194       323.000000        18.463902      
6421.021089       327.000000        18.636150      
6555.827352       331.000000        18.806125      
6691.226051       335.000000        18.973809      
6827.184110       339.000000        19.139186      
6963.668317       343.000000        19.302240      
7100.645329       347.000000        19.462955      
7238.081687       351.000000        19.621315      
7375.943815       355.000000        19.777307      
7514.198036       359.000000        19.930914      
7652.810576       363.000000        20.082123      
7791.747575       367.000000        20.230920      
7930.975091       371.000000        20.377291      
8070.459114       375.000000        20.521224      
8210.165570       379.000000        20.662706      
8350.060329       383.000000        20.801724      
8490.109219       387.000000        20.938267      
8630.278026       391.000000        21.072322      
8770.532509       395.000000        21.203880      
8910.838407       399.000000        21.332928      
9051.161444       403.000000        21.459458      
9191.467342       407.000000        21.583458      
9331.721826       411.000000        21.704919      
9471.890632       415.000000        21.823833      
9611.939521       419.000000        21.940190      
9751.834280       423.000000        22.053982      
9891.540735       427.000000        22.165201      
10031.024757      431.000000        22.273839      
10170.252273      435.000000        22.379890      
10309.189271      439.000000        22.483347      
10447.801810      443.000000        22.584203      
10586.056030      447.000000        22.682452      
10723.918156      451.000000        22.778089      
10861.354512      455.000000        22.871109      
10998.331523      459.000000        22.961507      
11134.815728      463.000000        23.049278      
11270.773785      467.000000        23.134419      
11406.172482      471.000000        23.216927      
11540.978742      475.000000        23.296797      
11675.159636      479.000000        23.374028      
11808.682383      483.000000        23.448618      
11941.514366      487.000000        23.520563      
12073.623136      491.000000        23.589864      
12204.976421      495.000000        23.656518      
12335.542133      499.000000        23.720525      
12465.288376      503.000000        23.781885      
12594.183456      507.000000        23.840599      
12722.195885      511.000000        23.896665      
12849.294390      515.000000        23.950086      
12975.447925      519.000000        24.000863      
13100.625671      523.000000        24.048997      
13224.797049      527.000000        24.094492      
13347.931726      531.000000        24.137348      
13469.999622      535.000000        24.177569      
13590.970916      539.000000        24.215159      
13710.816058      543.000000        24.250122      
13829.505770      547.000000        24.282460      
13947.011059      551.000000        24.312180      
14063.303220      555.000000        24.339285      
14178.353843      559.000000        24.363781      
14292.134824      563.000000        24.385675      
14404.618368      567.000000        24.404971      
14515.776995      571.000000        24.421676      
14625.583553      575.000000        24.435797      
14734.011215      579.000000        24.447342      
14841.033496      583.000000        24.456318      
14946.624250      587.000000        24.462733      
15050.757683      591.000000        24.466595      
15153.408357      595.000000        24.467913      
15254.551195      599.000000        24.466696      
15354.161490      603.000000        24.462954      
15452.214908      607.000000        24.456697      
15548.687495      611.000000        24.447934      
15643.555685      615.000000        24.436676      
15736.796303      619.000000        24.422934      
15828.386570      623.000000        24.406720      
15918.304112      627.000000        24.388045      
16006.526964      631.000000        24.366921      
16093.033573      635.000000        24.343360      
16177.802807      639.000000        24.317375      
16260.813957      643.000000        24.288980      
16342.046744      647.000000        24.258187      
16421.481324      651.000000        24.225010      
16499.098291      655.000000        24.189463      
16574.878685      659.000000        24.151561      
16648.803991      663.000000        24.111318      
16720.856150      667.000000        24.068750      
16791.017561      671.000000        24.023871      
16859.271081      675.000000        23.976698      
16925.600037      679.000000        23.927246      
16989.988223      683.000000        23.875532      
17052.419908      687.000000        23.821572      
17112.879840      691.000000        23.765383      
17171.353245      695.000000        23.706983      
17227.825836      699.000000        23.646389      
17282.283814      703.000000        23.583619      
17334.713871      707.000000        23.518690      
17385.103194      711.000000        23.451622      
17433.439465      715.000000        23.382433      
17479.710868      719.000000        23.311142      
17523.906089      723.000000        23.237768      
17566.014318      727.000000        23.162331      
17606.025250      731.000000        23.084850      
17643.929089      735.000000        23.005346      
17679.716545      739.000000        22.923838      
17713.378835      743.000000        22.840348      
17744.907681      747.000000        22.754896      
17774.295304      751.000000        22.667504      
17801.534417      755.000000        22.578191      
17826.618206      759.000000        22.486981      
17849.540304      763.000000        22.393893      
17870.294737      767.000000        22.298950      
17888.875825      771.000000        22.202174      
17905.277978      775.000000        22.103584      
17919.495257      779.000000        22.003203      
17931.520321      783.000000        21.901048      
17941.341506      787.000000        21.797130      
17948.932725      791.000000        21.691445      
17954.234028      795.000000        21.583942      
17958.301837      799.000000        21.475972      
