3.011888          3.000000          0.003963       
7.326651          7.000000          0.046664       
12.939195         11.000000         0.176290       
20.584662         15.000000         0.372311       
30.403281         19.000000         0.600173       
42.394799         23.000000         0.843252       
56.545561         27.000000         1.094280       
72.840179         31.000000         1.349683       
91.261900         35.000000         1.607483       
111.792329        39.000000         1.866470       
134.411266        43.000000         2.125843       
159.096616        47.000000         2.385034       
185.824361        51.000000         2.643615       
214.568553        55.000000         2.901246       
245.301321        59.000000         3.157650       
277.992889        63.000000         3.412586       
312.611598        67.000000         3.665845       
349.123934        71.000000         3.917239       
387.494557        75.000000         4.166594       
427.686330        79.000000         4.413751       
469.660362        83.000000         4.658559       
513.376037        87.000000         4.900874       
558.791056        91.000000         5.140561       
605.861479        95.000000         5.377489       
654.541763        99.000000         5.611533       
704.784811        103.000000        5.842571       
756.542012        107.000000        6.070486       
809.763292        111.000000        6.295165       
864.397162        115.000000        6.516497       
920.390765        119.000000        6.734376       
977.689929        123.000000        6.948699       
1036.239220       127.000000        7.159364       
1095.981995       131.000000        7.366275       
1156.860454       135.000000        7.569337       
1218.815702       139.000000        7.768458       
1281.787800       143.000000        7.963551       
1345.715826       147.000000        8.154529       
1410.537933       151.000000        8.341311       
1476.191409       155.000000        8.523816       
1542.612739       159.000000        8.701967       
1609.737663       163.000000        8.875691       
1677.501243       167.000000        9.044918       
1745.837922       171.000000        9.209578       
1814.681586       175.000000        9.369609       
1883.965635       179.000000        9.524948       
1953.623040       183.000000        9.675536       
2023.586412       187.000000        9.821318       
2093.788066       191.000000        9.962241       
2164.160086       195.000000        10.098257      
2234.634390       199.000000        10.229319      
2305.142800       203.000000        10.355383      
2375.617103       207.000000        10.476411      
2445.989119       211.000000        10.592365      
2516.190767       215.000000        10.703213      
2586.154133       219.000000        10.808923      
2655.811529       223.000000        10.909469      
2725.095567       227.000000        11.004826      
2793.939219       231.000000        11.094975      
2862.275882       235.000000        11.179897      
2930.039445       239.000000        11.259579      
2997.164351       243.000000        11.334010      
3063.585659       247.000000        11.403181      
3129.239110       251.000000        11.467088      
3194.061190       255.000000        11.525730      
3257.989184       259.000000        11.579109      
3320.961248       263.000000        11.627229      
3382.916457       267.000000        11.670099      
3443.794874       271.000000        11.707730      
3503.537601       275.000000        11.740137      
3562.086839       279.000000        11.767336      
3619.385944       283.000000        11.789350      
3675.379480       287.000000        11.806200      
3730.013276       291.000000        11.817915      
3783.234473       295.000000        11.824524      
3834.991581       299.000000        11.826059      
3885.234523       303.000000        11.822556      
3933.914687       307.000000        11.814054      
3980.984974       311.000000        11.800595      
4026.399838       315.000000        11.782222      
4070.115334       319.000000        11.758982      
4112.089159       323.000000        11.730926      
4152.280692       327.000000        11.698106      
4190.651033       331.000000        11.660577      
4227.163036       335.000000        11.618397      
4261.781349       339.000000        11.571626      
4294.472438       343.000000        11.520328      
4325.204622       347.000000        11.464567      
4353.948093       351.000000        11.404411      
4380.674931       355.000000        11.339929      
4405.359120       359.000000        11.271195      
4427.976539       363.000000        11.198282      
4448.504930       367.000000        11.121267      
4466.923818       371.000000        11.040226      
4483.214330       375.000000        10.955238      
4497.358766       379.000000        10.866382      
4509.339564       383.000000        10.773733      
4519.136389       387.000000        10.677355      
4526.716044       391.000000        10.577279      
4532.013066       395.000000        10.473451      
4536.079975       399.000000        10.368621      
