2.933826          3.000000          0.022058       
6.659778          7.000000          0.048603       
10.141502         11.000000         0.078045       
13.345394         15.000000         0.110307       
16.220611         19.000000         0.146284       
18.727343         23.000000         0.185768       
21.180197         27.000000         0.215548       
24.253894         31.000000         0.217616       
28.408709         35.000000         0.188323       
34.474200         39.000000         0.116046       
