2.999997          3.000000          0.000001       
6.999985          7.000000          0.000002       
11.000155         11.000000         0.000014       
15.005777         15.000000         0.000385       
19.073015         19.000000         0.003843       
23.426011         23.000000         0.018522       
28.393598         27.000000         0.051615       
34.156670         31.000000         0.101828       
40.749172         35.000000         0.164262       
48.163759         39.000000         0.234968       
56.390384         43.000000         0.311404       
65.421896         47.000000         0.391955       
75.253595         51.000000         0.475561       
85.882372         55.000000         0.561498       
97.306117         59.000000         0.649256       
109.523355        63.000000         0.738466       
122.533024        67.000000         0.828851       
136.334337        71.000000         0.920202       
150.926695        75.000000         1.012356       
166.309629        79.000000         1.105185       
182.482765        83.000000         1.198588       
199.445791        87.000000         1.292480       
217.198446        91.000000         1.386796       
235.740505        95.000000         1.481479       
255.071766        99.000000         1.576482       
275.192049        103.000000        1.671767       
296.101188        107.000000        1.767301       
317.799026        111.000000        1.863054       
340.285414        115.000000        1.959004       
363.560210        119.000000        2.055128       
387.623273        123.000000        2.151409       
412.474467        127.000000        2.247830       
438.113657        131.000000        2.344379       
464.540705        135.000000        2.441042       
491.755478        139.000000        2.537809       
519.757839        143.000000        2.634670       
548.547650        147.000000        2.731617       
578.124773        151.000000        2.828641       
608.489067        155.000000        2.925736       
639.640388        159.000000        3.022896       
671.578593        163.000000        3.120114       
704.303532        167.000000        3.217386       
737.815058        171.000000        3.314708       
772.113015        175.000000        3.412074       
807.197250        179.000000        3.509482       
843.067604        183.000000        3.606927       
879.723914        187.000000        3.704406       
917.166018        191.000000        3.801916       
955.393747        195.000000        3.899455       
994.406931        199.000000        3.997020       
1034.205396       203.000000        4.094608       
1074.788966       207.000000        4.192217       
1116.157460       211.000000        4.289846       
1158.310695       215.000000        4.387492       
1201.248484       219.000000        4.485153       
1244.970638       223.000000        4.582828       
1289.476964       227.000000        4.680515       
1334.767265       231.000000        4.778213       
1380.841342       235.000000        4.875921       
1427.698991       239.000000        4.973636       
1475.340007       243.000000        5.071358       
1523.764178       247.000000        5.169086       
1572.971294       251.000000        5.266818       
1622.961136       255.000000        5.364553       
1673.733485       259.000000        5.462291       
1725.288118       263.000000        5.560031       
1777.624809       267.000000        5.657771       
1830.743327       271.000000        5.755510       
1884.643440       275.000000        5.853249       
1939.324910       279.000000        5.950985       
1994.787498       283.000000        6.048719       
2051.030960       287.000000        6.146449       
2108.055049       291.000000        6.244175       
2165.859516       295.000000        6.341897       
2224.444106       299.000000        6.439612       
2283.808563       303.000000        6.537322       
2343.952626       307.000000        6.635025       
2404.876031       311.000000        6.732720       
2466.578511       315.000000        6.830408       
2529.059796       319.000000        6.928087       
2592.319612       323.000000        7.025757       
2656.357681       327.000000        7.123418       
2721.173722       331.000000        7.221069       
2786.767452       335.000000        7.318709       
2853.138583       339.000000        7.416338       
2920.286823       343.000000        7.513956       
2988.211879       347.000000        7.611562       
3056.913453       351.000000        7.709155       
3126.391244       355.000000        7.806736       
3196.644947       359.000000        7.904303       
3267.674254       363.000000        8.001857       
3339.478855       367.000000        8.099397       
3412.058433       371.000000        8.196923       
3485.412672       375.000000        8.294434       
3559.541250       379.000000        8.391929       
3634.443842       383.000000        8.489410       
3710.120120       387.000000        8.586874       
3786.569751       391.000000        8.684322       
3863.792402       395.000000        8.781753       
3941.787734       399.000000        8.879167       
4020.555405       403.000000        8.976564       
4100.095069       407.000000        9.073944       
4180.406380       411.000000        9.171305       
4261.488983       415.000000        9.268648       
4343.342525       419.000000        9.365973       
4425.966646       423.000000        9.463278       
4509.360985       427.000000        9.560564       
4593.525177       431.000000        9.657831       
4678.458851       435.000000        9.755078       
4764.161637       439.000000        9.852304       
4850.633159       443.000000        9.949511       
4937.873038       447.000000        10.046696      
5025.880892       451.000000        10.143860      
5114.656335       455.000000        10.241003      
5204.198978       459.000000        10.338124      
5294.508430       463.000000        10.435223      
5385.584293       467.000000        10.532300      
5477.426170       471.000000        10.629355      
5570.033658       475.000000        10.726387      
5663.406351       479.000000        10.823395      
5757.543841       483.000000        10.920381      
5852.445714       487.000000        11.017342      
5948.111555       491.000000        11.114280      
6044.540945       495.000000        11.211194      
6141.733461       499.000000        11.308083      
6239.688678       503.000000        11.404948      
6338.406167       507.000000        11.501787      
6437.885494       511.000000        11.598602      
6538.126225       515.000000        11.695391      
6639.127920       519.000000        11.792154      
6740.890137       523.000000        11.888891      
6843.412429       527.000000        11.985602      
6946.694348       531.000000        12.082287      
7050.735442       535.000000        12.178945      
7155.535253       539.000000        12.275576      
7261.093324       543.000000        12.372179      
7367.409192       547.000000        12.468755      
7474.482391       551.000000        12.565304      
7582.312452       555.000000        12.661824      
7690.898903       559.000000        12.758316      
7800.241268       563.000000        12.854780      
7910.339068       567.000000        12.951215      
8021.191820       571.000000        13.047621      
8132.799040       575.000000        13.143998      
8245.160238       579.000000        13.240346      
8358.274921       583.000000        13.336664      
8472.142595       587.000000        13.432952      
8586.762761       591.000000        13.529209      
8702.134916       595.000000        13.625437      
8818.258555       599.000000        13.721634      
8935.133169       603.000000        13.817800      
9052.758247       607.000000        13.913935      
9171.133272       611.000000        14.010038      
9290.257727       615.000000        14.106110      
9410.131090       619.000000        14.202150      
9530.752835       623.000000        14.298159      
9652.122434       627.000000        14.394135      
9774.239356       631.000000        14.490078      
9897.103065       635.000000        14.585989      
10020.713023      639.000000        14.681867      
10145.068689      643.000000        14.777712      
10270.169518      647.000000        14.873523      
10396.014961      651.000000        14.969301      
10522.604469      655.000000        15.065045      
10649.937485      659.000000        15.160755      
10778.013452      663.000000        15.256431      
10906.831810      667.000000        15.352072      
11036.391994      671.000000        15.447678      
11166.693436      675.000000        15.543250      
11297.735565      679.000000        15.638786      
11429.517808      683.000000        15.734287      
11562.039587      687.000000        15.829752      
11695.300321      691.000000        15.925181      
11829.299428      695.000000        16.020575      
11964.036319      699.000000        16.115932      
12099.510405      703.000000        16.211252      
12235.721091      707.000000        16.306536      
12372.667783      711.000000        16.401783      
12510.349878      715.000000        16.496993      
12648.766776      719.000000        16.592165      
12787.917868      723.000000        16.687300      
12927.802545      727.000000        16.782397      
13068.420195      731.000000        16.877456      
13209.770202      735.000000        16.972476      
13351.851946      739.000000        17.067459      
13494.664806      743.000000        17.162402      
13638.208154      747.000000        17.257307      
13782.481363      751.000000        17.352172      
13927.483801      755.000000        17.446998      
14073.214832      759.000000        17.541785      
14219.673818      763.000000        17.636532      
14366.860118      767.000000        17.731239      
14514.773086      771.000000        17.825905      
14663.412074      775.000000        17.920532      
14812.776432      779.000000        18.015117      
14962.865506      783.000000        18.109662      
15113.678637      787.000000        18.204166      
15265.215165      791.000000        18.298629      
15417.474426      795.000000        18.393050      
15570.455753      799.000000        18.487429      
15724.158477      803.000000        18.581766      
15878.581923      807.000000        18.676062      
16033.725415      811.000000        18.770315      
16189.588274      815.000000        18.864525      
16346.169817      819.000000        18.958693      
16503.469358      823.000000        19.052818      
16661.486207      827.000000        19.146900      
16820.219673      831.000000        19.240938      
16979.669061      835.000000        19.334933      
17139.833671      839.000000        19.428884      
17300.712802      843.000000        19.522791      
17462.305750      847.000000        19.616654      
17624.611806      851.000000        19.710472      
17787.630260      855.000000        19.804246      
17951.360397      859.000000        19.897975      
18115.801500      863.000000        19.991659      
18280.952848      867.000000        20.085297      
18446.813719      871.000000        20.178891      
18613.383386      875.000000        20.272438      
18780.661119      879.000000        20.365940      
18948.646185      883.000000        20.459395      
19117.337848      887.000000        20.552805      
19286.735370      891.000000        20.646168      
19456.838008      895.000000        20.739484      
19627.645017      899.000000        20.832753      
19799.155649      903.000000        20.925975      
19971.369153      907.000000        21.019150      
20144.284773      911.000000        21.112277      
20317.901754      915.000000        21.205357      
20492.219333      919.000000        21.298389      
20667.236748      923.000000        21.391372      
20842.953232      927.000000        21.484308      
21019.368015      931.000000        21.577194      
21196.480323      935.000000        21.670032      
21374.289383      939.000000        21.762821      
21552.794414      943.000000        21.855561      
21731.994634      947.000000        21.948252      
21911.889258      951.000000        22.040893      
22092.477499      955.000000        22.133484      
22273.758566      959.000000        22.226026      
22455.731663      963.000000        22.318517      
22638.395995      967.000000        22.410958      
22821.750760      971.000000        22.503348      
23005.795156      975.000000        22.595687      
23190.528377      979.000000        22.687976      
23375.949612      983.000000        22.780213      
23562.058050      987.000000        22.872399      
23748.852876      991.000000        22.964534      
23936.333271      995.000000        23.056616      
24124.498415      999.000000        23.148647      
24313.347482      1003.000000       23.240626      
24502.879645      1007.000000       23.332552      
24693.094075      1011.000000       23.424425      
24883.989937      1015.000000       23.516246      
25075.566396      1019.000000       23.608014      
25267.822613      1023.000000       23.699729      
25460.757744      1027.000000       23.791390      
25654.370946      1031.000000       23.882998      
25848.661370      1035.000000       23.974552      
26043.628164      1039.000000       24.066052      
26239.270476      1043.000000       24.157498      
26435.587446      1047.000000       24.248890      
26632.578217      1051.000000       24.340227      
26830.241924      1055.000000       24.431509      
27028.577702      1059.000000       24.522736      
27227.584682      1063.000000       24.613908      
27427.261992      1067.000000       24.705025      
27627.608758      1071.000000       24.796087      
27828.624101      1075.000000       24.887092      
28030.307142      1079.000000       24.978042      
28232.656996      1083.000000       25.068935      
28435.672778      1087.000000       25.159773      
28639.353598      1091.000000       25.250553      
28843.698563      1095.000000       25.341277      
29048.706779      1099.000000       25.431944      
29254.377348      1103.000000       25.522554      
29460.709368      1107.000000       25.613107      
29667.701935      1111.000000       25.703602      
29875.354144      1115.000000       25.794040      
30083.665084      1119.000000       25.884419      
30292.633842      1123.000000       25.974741      
30502.259504      1127.000000       26.065004      
30712.541151      1131.000000       26.155209      
30923.477861      1135.000000       26.245355      
31135.068712      1139.000000       26.335442      
31347.312775      1143.000000       26.425470      
31560.209121      1147.000000       26.515440      
31773.756818      1151.000000       26.605349      
31987.954930      1155.000000       26.695199      
32202.802519      1159.000000       26.784989      
32418.298643      1163.000000       26.874719      
32634.442358      1167.000000       26.964389      
32851.232718      1171.000000       27.053999      
33068.668774      1175.000000       27.143548      
33286.749571      1179.000000       27.233036      
33505.474156      1183.000000       27.322463      
33724.841570      1187.000000       27.411829      
33944.850851      1191.000000       27.501134      
34165.501037      1195.000000       27.590377      
34386.791161      1199.000000       27.679559      
34608.720252      1203.000000       27.768679      
34831.287340      1207.000000       27.857736      
35054.491449      1211.000000       27.946731      
35278.331601      1215.000000       28.035664      
35502.806816      1219.000000       28.124534      
35727.916110      1223.000000       28.213341      
35953.658497      1227.000000       28.302085      
36180.032989      1231.000000       28.390766      
36407.038593      1235.000000       28.479383      
36634.674315      1239.000000       28.567937      
36862.939159      1243.000000       28.656427      
37091.832124      1247.000000       28.744853      
37321.352207      1251.000000       28.833215      
37551.498403      1255.000000       28.921513      
37782.269703      1259.000000       29.009746      
38013.665098      1263.000000       29.097914      
38245.683573      1267.000000       29.186017      
38478.324111      1271.000000       29.274055      
38711.585694      1275.000000       29.362028      
38945.467300      1279.000000       29.449935      
39179.967905      1283.000000       29.537777      
39415.086480      1287.000000       29.625553      
39650.821996      1291.000000       29.713263      
39887.173421      1295.000000       29.800906      
40124.139718      1299.000000       29.888483      
40361.719851      1303.000000       29.975994      
40599.912778      1307.000000       30.063437      
40838.717455      1311.000000       30.150814      
41078.132837      1315.000000       30.238124      
41318.157875      1319.000000       30.325366      
41558.791517      1323.000000       30.412541      
41800.032710      1327.000000       30.499648      
42041.880396      1331.000000       30.586687      
42284.333515      1335.000000       30.673658      
42527.391007      1339.000000       30.760561      
42771.051806      1343.000000       30.847395      
43015.314844      1347.000000       30.934161      
43260.179053      1351.000000       31.020858      
43505.643358      1355.000000       31.107486      
43751.706685      1359.000000       31.194045      
43998.367956      1363.000000       31.280534      
44245.626090      1367.000000       31.366954      
44493.480004      1371.000000       31.453304      
44741.928613      1375.000000       31.539584      
44990.970827      1379.000000       31.625795      
45240.605557      1383.000000       31.711935      
45490.831708      1387.000000       31.798004      
45741.648185      1391.000000       31.884003      
45993.053888      1395.000000       31.969931      
46245.047717      1399.000000       32.055788      
46497.628566      1403.000000       32.141574      
46750.795331      1407.000000       32.227289      
47004.546902      1411.000000       32.312932      
47258.882166      1415.000000       32.398503      
47513.800011      1419.000000       32.484003      
47769.299320      1423.000000       32.569430      
48025.378972      1427.000000       32.654786      
48282.037847      1431.000000       32.740068      
48539.274820      1435.000000       32.825279      
48797.088765      1439.000000       32.910416      
49055.478551      1443.000000       32.995481      
49314.443047      1447.000000       33.080472      
49573.981118      1451.000000       33.165390      
49834.091628      1455.000000       33.250235      
50094.773436      1459.000000       33.335006      
50356.025402      1463.000000       33.419703      
50617.846381      1467.000000       33.504326      
50880.235225      1471.000000       33.588875      
51143.190786      1475.000000       33.673350      
51406.711911      1479.000000       33.757750      
51670.797446      1483.000000       33.842075      
51935.446233      1487.000000       33.926326      
52200.657115      1491.000000       34.010501      
52466.428929      1495.000000       34.094601      
52732.760510      1499.000000       34.178626      
52999.650692      1503.000000       34.262575      
53267.098307      1507.000000       34.346449      
53535.102181      1511.000000       34.430246      
53803.661142      1515.000000       34.513968      
54072.774012      1519.000000       34.597613      
54342.439613      1523.000000       34.681182      
54612.656764      1527.000000       34.764674      
54883.424281      1531.000000       34.848089      
55154.740977      1535.000000       34.931427      
55426.605665      1539.000000       35.014689      
55699.017153      1543.000000       35.097872      
55971.974247      1547.000000       35.180979      
56245.475753      1551.000000       35.264008      
56519.520472      1555.000000       35.346959      
56794.107203      1559.000000       35.429831      
57069.234745      1563.000000       35.512626      
57344.901890      1567.000000       35.595343      
57621.107432      1571.000000       35.677981      
57897.850162      1575.000000       35.760540      
58175.128865      1579.000000       35.843020      
58452.942329      1583.000000       35.925422      
58731.289336      1587.000000       36.007744      
59010.168666      1591.000000       36.089987      
59289.579098      1595.000000       36.172150      
59569.519408      1599.000000       36.254234      
59849.988369      1603.000000       36.336237      
60130.984754      1607.000000       36.418161      
60412.507330      1611.000000       36.500005      
60694.554866      1615.000000       36.581768      
60977.126124      1619.000000       36.663450      
61260.219868      1623.000000       36.745052      
61543.834857      1627.000000       36.826573      
61827.969848      1631.000000       36.908013      
62112.623598      1635.000000       36.989372      
62397.794859      1639.000000       37.070650      
62683.482382      1643.000000       37.151846      
62969.684916      1647.000000       37.232960      
63256.401205      1651.000000       37.313992      
63543.629996      1655.000000       37.394943      
63831.370029      1659.000000       37.475811      
64119.620044      1663.000000       37.556597      
64408.378778      1667.000000       37.637300      
64697.644966      1671.000000       37.717920      
64987.417342      1675.000000       37.798458      
65277.694635      1679.000000       37.878913      
65568.475574      1683.000000       37.959284      
65859.758886      1687.000000       38.039573      
66151.543293      1691.000000       38.119777      
66443.827519      1695.000000       38.199898      
66736.610282      1699.000000       38.279935      
67029.890301      1703.000000       38.359889      
67323.666290      1707.000000       38.439758      
67617.936962      1711.000000       38.519542      
67912.701028      1715.000000       38.599243      
68207.957198      1719.000000       38.678858      
68503.704177      1723.000000       38.758389      
68799.940670      1727.000000       38.837835      
69096.665380      1731.000000       38.917195      
69393.877006      1735.000000       38.996471      
69691.574247      1739.000000       39.075661      
69989.755798      1743.000000       39.154765      
70288.420353      1747.000000       39.233784      
70587.566604      1751.000000       39.312717      
70887.193241      1755.000000       39.391563      
71187.298950      1759.000000       39.470323      
71487.882418      1763.000000       39.548997      
71788.942327      1767.000000       39.627585      
72090.477359      1771.000000       39.706085      
72392.486192      1775.000000       39.784499      
72694.967504      1779.000000       39.862826      
72997.919969      1783.000000       39.941066      
73301.342262      1787.000000       40.019218      
73605.233051      1791.000000       40.097283      
73909.591007      1795.000000       40.175260      
74214.414795      1799.000000       40.253149      
74519.703081      1803.000000       40.330950      
74825.454526      1807.000000       40.408663      
75131.667793      1811.000000       40.486288      
75438.341539      1815.000000       40.563825      
75745.474421      1819.000000       40.641272      
76053.065093      1823.000000       40.718631      
76361.112208      1827.000000       40.795902      
76669.614417      1831.000000       40.873083      
76978.570367      1835.000000       40.950175      
77287.978707      1839.000000       41.027177      
77597.838080      1843.000000       41.104090      
77908.147128      1847.000000       41.180913      
78218.904493      1851.000000       41.257647      
78530.108814      1855.000000       41.334290      
78841.758726      1859.000000       41.410844      
79153.852865      1863.000000       41.487307      
79466.389864      1867.000000       41.563680      
79779.368353      1871.000000       41.639962      
80092.786961      1875.000000       41.716153      
80406.644316      1879.000000       41.792253      
80720.939042      1883.000000       41.868263      
81035.669763      1887.000000       41.944181      
81350.835100      1891.000000       42.020008      
81666.433672      1895.000000       42.095743      
81982.464097      1899.000000       42.171387      
82298.924990      1903.000000       42.246939      
82615.814965      1907.000000       42.322399      
82933.132635      1911.000000       42.397767      
83250.876608      1915.000000       42.473043      
83569.045493      1919.000000       42.548226      
83887.637896      1923.000000       42.623317      
84206.652422      1927.000000       42.698315      
84526.087673      1931.000000       42.773220      
84845.942249      1935.000000       42.848032      
85166.214750      1939.000000       42.922751      
85486.903772      1943.000000       42.997377      
85808.007911      1947.000000       43.071910      
86129.525760      1951.000000       43.146348      
86451.455911      1955.000000       43.220694      
86773.796953      1959.000000       43.294945      
87096.547474      1963.000000       43.369102      
87419.706061      1967.000000       43.443165      
87743.271297      1971.000000       43.517134      
88067.241766      1975.000000       43.591008      
88391.616048      1979.000000       43.664788      
88716.392722      1983.000000       43.738473      
89041.570365      1987.000000       43.812064      
89367.147553      1991.000000       43.885559      
89693.122860      1995.000000       43.958959      
90019.494858      1999.000000       44.032264      
90346.262117      2003.000000       44.105473      
90673.423205      2007.000000       44.178587      
91000.976690      2011.000000       44.251605      
91328.921136      2015.000000       44.324527      
91657.255107      2019.000000       44.397353      
91985.977164      2023.000000       44.470083      
92315.085868      2027.000000       44.542716      
92644.579777      2031.000000       44.615253      
92974.457448      2035.000000       44.687694      
93304.717434      2039.000000       44.760038      
93635.358290      2043.000000       44.832285      
93966.378568      2047.000000       44.904435      
94297.776816      2051.000000       44.976488      
94629.551584      2055.000000       45.048444      
94961.701418      2059.000000       45.120302      
95294.224863      2063.000000       45.192062      
95627.120462      2067.000000       45.263725      
95960.386757      2071.000000       45.335291      
96294.022288      2075.000000       45.406758      
96628.025593      2079.000000       45.478127      
96962.395210      2083.000000       45.549398      
97297.129673      2087.000000       45.620570      
97632.227517      2091.000000       45.691644      
97967.687273      2095.000000       45.762619      
98303.507472      2099.000000       45.833496      
98639.686643      2103.000000       45.904273      
98976.223312      2107.000000       45.974952      
99313.116006      2111.000000       46.045531      
99650.363249      2115.000000       46.116011      
99987.963564      2119.000000       46.186391      
100325.915471     2123.000000       46.256672      
100664.217491     2127.000000       46.326854      
101002.868141     2131.000000       46.396935      
101341.865937     2135.000000       46.466916      
101681.209395     2139.000000       46.536797      
102020.897028     2143.000000       46.606578      
102360.927349     2147.000000       46.676259      
102701.298867     2151.000000       46.745839      
103042.010091     2155.000000       46.815318      
103383.059530     2159.000000       46.884696      
103724.445688     2163.000000       46.953974      
104066.167071     2167.000000       47.023150      
104408.222181     2171.000000       47.092226      
104750.609520     2175.000000       47.161200      
105093.327589     2179.000000       47.230072      
105436.374885     2183.000000       47.298843      
105779.749907     2187.000000       47.367513      
106123.451149     2191.000000       47.436080      
106467.477107     2195.000000       47.504545      
106811.826272     2199.000000       47.572909      
107156.497138     2203.000000       47.641170      
107501.488193     2207.000000       47.709329      
107846.797927     2211.000000       47.777385      
108192.424827     2215.000000       47.845339      
108538.367379     2219.000000       47.913189      
108884.624067     2223.000000       47.980938      
109231.193374     2227.000000       48.048583      
109578.073783     2231.000000       48.116125      
109925.263774     2235.000000       48.183563      
110272.761825     2239.000000       48.250899      
110620.566415     2243.000000       48.318130      
110968.676020     2247.000000       48.385259      
111317.089115     2251.000000       48.452283      
111665.804174     2255.000000       48.519204      
112014.819669     2259.000000       48.586020      
112364.134072     2263.000000       48.652733      
112713.745851     2267.000000       48.719341      
113063.653476     2271.000000       48.785845      
113413.855413     2275.000000       48.852244      
113764.350129     2279.000000       48.918539      
114115.136088     2283.000000       48.984729      
114466.211754     2287.000000       49.050814      
114817.575589     2291.000000       49.116794      
115169.226052     2295.000000       49.182669      
115521.161605     2299.000000       49.248439      
115873.380705     2303.000000       49.314104      
116225.881809     2307.000000       49.379663      
116578.663373     2311.000000       49.445116      
116931.723852     2315.000000       49.510464      
117285.061698     2319.000000       49.575706      
117638.675365     2323.000000       49.640842      
117992.563303     2327.000000       49.705872      
118346.723962     2331.000000       49.770795      
118701.155791     2335.000000       49.835613      
119055.857236     2339.000000       49.900324      
119410.826744     2343.000000       49.964928      
119766.062760     2347.000000       50.029426      
120121.563728     2351.000000       50.093817      
120477.328091     2355.000000       50.158101      
120833.354289     2359.000000       50.222278      
121189.640764     2363.000000       50.286348      
121546.185954     2367.000000       50.350311      
121902.988298     2371.000000       50.414166      
122260.046233     2375.000000       50.477914      
122617.358194     2379.000000       50.541555      
122974.922617     2383.000000       50.605087      
123332.737934     2387.000000       50.668512      
123690.802579     2391.000000       50.731829      
124049.114983     2395.000000       50.795038      
124407.673576     2399.000000       50.858138      
124766.476787     2403.000000       50.921131      
125125.523046     2407.000000       50.984015      
125484.810778     2411.000000       51.046790      
125844.338410     2415.000000       51.109457      
126204.104367     2419.000000       51.172015      
126564.107074     2423.000000       51.234464      
126924.344952     2427.000000       51.296805      
127284.816424     2431.000000       51.359036      
127645.519911     2435.000000       51.421158      
128006.453832     2439.000000       51.483171      
128367.616608     2443.000000       51.545074      
128729.006654     2447.000000       51.606868      
129090.622389     2451.000000       51.668553      
129452.462228     2455.000000       51.730127      
129814.524586     2459.000000       51.791592      
130176.807877     2463.000000       51.852947      
130539.310515     2467.000000       51.914192      
130902.030910     2471.000000       51.975326      
131264.967474     2475.000000       52.036350      
131628.118618     2479.000000       52.097264      
131991.482749     2483.000000       52.158068      
132355.058278     2487.000000       52.218761      
132718.843610     2491.000000       52.279343      
133082.837152     2495.000000       52.339814      
133447.037310     2499.000000       52.400175      
133811.442489     2503.000000       52.460424      
134176.051091     2507.000000       52.520563      
134540.861520     2511.000000       52.580590      
134905.872178     2515.000000       52.640506      
135271.081465     2519.000000       52.700310      
135636.487782     2523.000000       52.760003      
136002.089528     2527.000000       52.819584      
136367.885102     2531.000000       52.879054      
136733.872901     2535.000000       52.938411      
137100.051322     2539.000000       52.997657      
137466.418760     2543.000000       53.056791      
137832.973611     2547.000000       53.115812      
138199.714269     2551.000000       53.174721      
138566.639128     2555.000000       53.233518      
138933.746580     2559.000000       53.292203      
139301.035016     2563.000000       53.350774      
139668.502829     2567.000000       53.409234      
140036.148408     2571.000000       53.467580      
140403.970143     2575.000000       53.525814      
140771.966422     2579.000000       53.583934      
141140.135633     2583.000000       53.641942      
141508.476164     2587.000000       53.699836      
141876.986401     2591.000000       53.757617      
142245.664730     2595.000000       53.815285      
142614.509535     2599.000000       53.872839      
142983.519201     2603.000000       53.930280      
143352.692111     2607.000000       53.987607      
143722.026649     2611.000000       54.044821      
144091.521195     2615.000000       54.101920      
144461.174132     2619.000000       54.158906      
144830.983841     2623.000000       54.215777      
145200.948701     2627.000000       54.272535      
145571.067091     2631.000000       54.329178      
145941.337390     2635.000000       54.385707      
146311.757977     2639.000000       54.442121      
146682.327228     2643.000000       54.498421      
147053.043520     2647.000000       54.554607      
147423.905230     2651.000000       54.610677      
147794.910732     2655.000000       54.666633      
148166.058401     2659.000000       54.722474      
148537.346612     2663.000000       54.778200      
148908.773738     2667.000000       54.833811      
149280.338151     2671.000000       54.889307      
149652.038225     2675.000000       54.944687      
150023.872331     2679.000000       54.999952      
150395.838839     2683.000000       55.055102      
150767.936122     2687.000000       55.110136      
151140.162548     2691.000000       55.165055      
151512.516486     2695.000000       55.219858      
151884.996307     2699.000000       55.274545      
152257.600378     2703.000000       55.329116      
152630.327066     2707.000000       55.383571      
153003.174740     2711.000000       55.437910      
153376.141766     2715.000000       55.492133      
153749.226509     2719.000000       55.546240      
154122.427336     2723.000000       55.600230      
154495.742611     2727.000000       55.654104      
154869.170700     2731.000000       55.707862      
155242.709967     2735.000000       55.761503      
155616.358774     2739.000000       55.815027      
155990.115486     2743.000000       55.868434      
156363.978465     2747.000000       55.921725      
156737.946073     2751.000000       55.974899      
157112.016673     2755.000000       56.027955      
157486.188624     2759.000000       56.080895      
157860.460289     2763.000000       56.133717      
158234.830028     2767.000000       56.186422      
158609.296200     2771.000000       56.239010      
158983.857166     2775.000000       56.291480      
159358.511284     2779.000000       56.343833      
159733.256913     2783.000000       56.396068      
160108.092412     2787.000000       56.448185      
160483.016139     2791.000000       56.500185      
160858.026451     2795.000000       56.552067      
161233.121705     2799.000000       56.603831      
161608.300259     2803.000000       56.655476      
161983.560468     2807.000000       56.707004      
162358.900690     2811.000000       56.758414      
162734.319278     2815.000000       56.809705      
163109.814590     2819.000000       56.860878      
163485.384980     2823.000000       56.911932      
163861.028803     2827.000000       56.962868      
164236.744414     2831.000000       57.013686      
164612.530165     2835.000000       57.064385      
164988.384412     2839.000000       57.114965      
165364.305508     2843.000000       57.165426      
165740.291806     2847.000000       57.215768      
166116.341659     2851.000000       57.265991      
166492.453419     2855.000000       57.316096      
166868.625440     2859.000000       57.366081      
167244.856072     2863.000000       57.415947      
167621.143668     2867.000000       57.465694      
167997.486581     2871.000000       57.515321      
168373.883160     2875.000000       57.564829      
168750.331757     2879.000000       57.614217      
169126.830723     2883.000000       57.663486      
169503.378409     2887.000000       57.712635      
169879.973165     2891.000000       57.761665      
170256.613342     2895.000000       57.810575      
170633.297289     2899.000000       57.859364      
171010.023357     2903.000000       57.908034      
171386.789894     2907.000000       57.956584      
171763.595252     2911.000000       58.005014      
172140.437778     2915.000000       58.053323      
172517.315822     2919.000000       58.101513      
172894.227734     2923.000000       58.149582      
173271.171862     2927.000000       58.197531      
173648.146555     2931.000000       58.245359      
174025.150161     2935.000000       58.293066      
174402.181029     2939.000000       58.340654      
174779.237507     2943.000000       58.388120      
175156.317944     2947.000000       58.435466      
175533.420687     2951.000000       58.482691      
175910.544085     2955.000000       58.529795      
176287.686486     2959.000000       58.576778      
176664.846237     2963.000000       58.623640      
177042.021687     2967.000000       58.670381      
177419.211183     2971.000000       58.717001      
177796.413072     2975.000000       58.763500      
178173.625703     2979.000000       58.809878      
178550.847423     2983.000000       58.856134      
178928.076579     2987.000000       58.902269      
179305.311519     2991.000000       58.948282      
179682.550591     2995.000000       58.994174      
180059.792141     2999.000000       59.039944      
180437.034518     3003.000000       59.085593      
180814.276068     3007.000000       59.131119      
181191.515140     3011.000000       59.176524      
181568.750080     3015.000000       59.221808      
181945.979236     3019.000000       59.266969      
182323.200956     3023.000000       59.312008      
182700.413587     3027.000000       59.356926      
183077.615476     3031.000000       59.401721      
183454.804972     3035.000000       59.446394      
183831.980422     3039.000000       59.490945      
184209.140173     3043.000000       59.535373      
184586.282574     3047.000000       59.579679      
184963.405972     3051.000000       59.623863      
185340.508716     3055.000000       59.667924      
185717.589152     3059.000000       59.711863      
186094.645631     3063.000000       59.755679      
186471.676499     3067.000000       59.799373      
186848.680105     3071.000000       59.842944      
187225.654797     3075.000000       59.886392      
187602.598925     3079.000000       59.929717      
187979.510837     3083.000000       59.972920      
188356.388881     3087.000000       60.015999      
188733.231408     3091.000000       60.058955      
189110.036765     3095.000000       60.101789      
189486.803303     3099.000000       60.144499      
189863.529370     3103.000000       60.187086      
190240.213317     3107.000000       60.229550      
190616.853494     3111.000000       60.271891      
190993.448250     3115.000000       60.314109      
191369.995936     3119.000000       60.356203      
191746.494902     3123.000000       60.398173      
192122.943500     3127.000000       60.440020      
192499.340079     3131.000000       60.481744      
192875.682991     3135.000000       60.523344      
193251.970587     3139.000000       60.564820      
193628.201220     3143.000000       60.606173      
194004.373240     3147.000000       60.647402      
194380.485000     3151.000000       60.688507      
194756.534853     3155.000000       60.729488      
195132.521151     3159.000000       60.770345      
195508.442247     3163.000000       60.811079      
195884.296494     3167.000000       60.851688      
196260.082246     3171.000000       60.892174      
196635.797856     3175.000000       60.932535      
197011.441679     3179.000000       60.972772      
197387.012069     3183.000000       61.012885      
197762.507381     3187.000000       61.052873      
198137.925970     3191.000000       61.092738      
198513.266191     3195.000000       61.132478      
198888.526400     3199.000000       61.172093      
199263.704954     3203.000000       61.211584      
199638.800208     3207.000000       61.250951      
200013.810520     3211.000000       61.290193      
200388.734247     3215.000000       61.329311      
200763.569746     3219.000000       61.368304      
201138.315375     3223.000000       61.407172      
201512.969493     3227.000000       61.445916      
201887.530459     3231.000000       61.484534      
202261.996631     3235.000000       61.523028      
202636.366370     3239.000000       61.561397      
203010.638035     3243.000000       61.599642      
203384.809986     3247.000000       61.637761      
203758.880586     3251.000000       61.675755      
204132.848194     3255.000000       61.713625      
204506.711173     3259.000000       61.751369      
204880.467885     3263.000000       61.788988      
205254.116692     3267.000000       61.826482      
205627.655959     3271.000000       61.863851      
206001.084048     3275.000000       61.901094      
206374.399323     3279.000000       61.938213      
206747.600150     3283.000000       61.975206      
207120.684894     3287.000000       62.012073      
207493.651919     3291.000000       62.048816      
207866.499593     3295.000000       62.085432      
208239.226281     3299.000000       62.121924      
208611.830352     3303.000000       62.158290      
208984.310173     3307.000000       62.194530      
209356.664111     3311.000000       62.230645      
209728.890537     3315.000000       62.266634      
210100.987819     3319.000000       62.302497      
210472.954328     3323.000000       62.338235      
210844.788434     3327.000000       62.373847      
211216.488508     3331.000000       62.409333      
211588.052921     3335.000000       62.444694      
211959.480047     3339.000000       62.479928      
212330.768258     3343.000000       62.515037      
212701.915927     3347.000000       62.550020      
213072.921429     3351.000000       62.584877      
213443.783139     3355.000000       62.619607      
213814.499431     3359.000000       62.654212      
214185.068682     3363.000000       62.688691      
214555.489269     3367.000000       62.723044      
214925.759568     3371.000000       62.757271      
215295.877958     3375.000000       62.791371      
215665.842818     3379.000000       62.825346      
216035.652526     3383.000000       62.859194      
216405.305464     3387.000000       62.892916      
216774.800010     3391.000000       62.926511      
217144.134548     3395.000000       62.959981      
217513.307458     3399.000000       62.993324      
217882.317124     3403.000000       63.026540      
218251.161929     3407.000000       63.059631      
218619.840258     3411.000000       63.092595      
218988.350495     3415.000000       63.125432      
219356.691026     3419.000000       63.158143      
219724.860237     3423.000000       63.190728      
220092.856516     3427.000000       63.223185      
220460.678251     3431.000000       63.255517      
220828.323830     3435.000000       63.287722      
221195.791642     3439.000000       63.319800      
221563.080079     3443.000000       63.351751      
221930.187531     3447.000000       63.383576      
222297.112389     3451.000000       63.415275      
222663.853048     3455.000000       63.446846      
223030.407899     3459.000000       63.478291      
223396.775337     3463.000000       63.509609      
223762.953758     3467.000000       63.540800      
224128.941556     3471.000000       63.571864      
224494.737130     3475.000000       63.602802      
224860.338876     3479.000000       63.633613      
225225.745193     3483.000000       63.664297      
225590.954481     3487.000000       63.694854      
225955.965138     3491.000000       63.725284      
226320.775568     3495.000000       63.755587      
226685.384170     3499.000000       63.785763      
227049.789348     3503.000000       63.815812      
227413.989506     3507.000000       63.845734      
227777.983049     3511.000000       63.875529      
228141.768381     3515.000000       63.905197      
228505.343909     3519.000000       63.934738      
228868.708041     3523.000000       63.964152      
229231.859184     3527.000000       63.993439      
229594.795749     3531.000000       64.022599      
229957.516144     3535.000000       64.051631      
230320.018781     3539.000000       64.080537      
230682.302072     3543.000000       64.109315      
231044.364430     3547.000000       64.137966      
231406.204269     3551.000000       64.166490      
231767.820004     3555.000000       64.194886      
232129.210051     3559.000000       64.223155      
232490.372826     3563.000000       64.251297      
232851.306747     3567.000000       64.279312      
233212.010234     3571.000000       64.307200      
233572.481706     3575.000000       64.334960      
233932.719585     3579.000000       64.362593      
234292.722291     3583.000000       64.390098      
234652.488248     3587.000000       64.417477      
235012.015880     3591.000000       64.444727      
235371.303612     3595.000000       64.471851      
235730.349871     3599.000000       64.498847      
236089.153082     3603.000000       64.525716      
236447.711675     3607.000000       64.552457      
236806.024079     3611.000000       64.579071      
237164.088724     3615.000000       64.605557      
237521.904041     3619.000000       64.631916      
237879.468464     3623.000000       64.658148      
238236.780425     3627.000000       64.684252      
238593.838360     3631.000000       64.710228      
238950.640704     3635.000000       64.736077      
239307.185894     3639.000000       64.761799      
239663.472369     3643.000000       64.787393      
240019.498567     3647.000000       64.812859      
240375.262930     3651.000000       64.838199      
240730.763898     3655.000000       64.863410      
241085.999914     3659.000000       64.888494      
241440.969422     3663.000000       64.913451      
241795.670867     3667.000000       64.938279      
242150.102695     3671.000000       64.962981      
242504.263354     3675.000000       64.987555      
242858.151292     3679.000000       65.012001      
243211.764959     3683.000000       65.036320      
243565.102806     3687.000000       65.060511      
243918.163285     3691.000000       65.084574      
244270.944849     3695.000000       65.108510      
244623.445953     3699.000000       65.132318      
244975.665053     3703.000000       65.155999      
245327.600605     3707.000000       65.179552      
245679.251069     3711.000000       65.202978      
246030.614903     3715.000000       65.226276      
246381.690569     3719.000000       65.249446      
246732.476528     3723.000000       65.272489      
247082.971244     3727.000000       65.295404      
247433.173182     3731.000000       65.318192      
247783.080807     3735.000000       65.340852      
248132.692586     3739.000000       65.363384      
248482.006988     3743.000000       65.385789      
248831.022483     3747.000000       65.408066      
249179.737542     3751.000000       65.430215      
249528.150637     3755.000000       65.452237      
249876.260242     3759.000000       65.474131      
250224.064832     3763.000000       65.495898      
250571.562884     3767.000000       65.517537      
250918.752874     3771.000000       65.539049      
251265.633283     3775.000000       65.560433      
251612.202590     3779.000000       65.581689      
251958.459278     3783.000000       65.602818      
252304.401830     3787.000000       65.623819      
252650.028730     3791.000000       65.644692      
252995.338464     3795.000000       65.665438      
253340.329519     3799.000000       65.686057      
253685.000385     3803.000000       65.706548      
254029.349550     3807.000000       65.726911      
254373.375508     3811.000000       65.747147      
254717.076750     3815.000000       65.767255      
255060.451772     3819.000000       65.787235      
255403.499068     3823.000000       65.807088      
255746.217137     3827.000000       65.826814      
256088.604476     3831.000000       65.846412      
256430.659586     3835.000000       65.865883      
256772.380969     3839.000000       65.885226      
257113.767127     3843.000000       65.904441      
257454.816566     3847.000000       65.923529      
257795.527790     3851.000000       65.942490      
258135.899308     3855.000000       65.961323      
258475.929628     3859.000000       65.980028      
258815.617262     3863.000000       65.998607      
259154.960720     3867.000000       66.017057      
259493.958516     3871.000000       66.035381      
259832.609166     3875.000000       66.053577      
260170.911185     3879.000000       66.071645      
260508.863093     3883.000000       66.089586      
260846.463407     3887.000000       66.107400      
261183.710650     3891.000000       66.125086      
261520.603344     3895.000000       66.142645      
261857.140014     3899.000000       66.160077      
262193.319184     3903.000000       66.177381      
262529.139383     3907.000000       66.194558      
262864.599139     3911.000000       66.211608      
263199.696983     3915.000000       66.228531      
263534.431446     3919.000000       66.245326      
263868.801063     3923.000000       66.261994      
264202.804369     3927.000000       66.278534      
264536.439900     3931.000000       66.294948      
264869.706195     3935.000000       66.311234      
265202.601793     3939.000000       66.327393      
265535.125238     3943.000000       66.343425      
265867.275072     3947.000000       66.359330      
266199.049840     3951.000000       66.375108      
266530.448088     3955.000000       66.390758      
266861.468366     3959.000000       66.406281      
267192.109222     3963.000000       66.421678      
267522.369208     3967.000000       66.436947      
267852.246879     3971.000000       66.452089      
268181.740787     3975.000000       66.467105      
268510.849491     3979.000000       66.481993      
268839.571549     3983.000000       66.496754      
269167.905520     3987.000000       66.511388      
269495.849966     3991.000000       66.525896      
269823.403450     3995.000000       66.540276      
270150.564539     3999.000000       66.554530      
270477.331797     4003.000000       66.568656      
270803.703795     4007.000000       66.582656      
271129.679102     4011.000000       66.596529      
271455.256290     4015.000000       66.610276      
271780.433934     4019.000000       66.623895      
272105.210608     4023.000000       66.637388      
272429.584889     4027.000000       66.650754      
272753.555358     4031.000000       66.663993      
273077.120594     4035.000000       66.677105      
273400.279181     4039.000000       66.690091      
273723.029702     4043.000000       66.702951      
274045.370744     4047.000000       66.715683      
274367.300895     4051.000000       66.728290      
274688.818744     4055.000000       66.740769      
275009.922883     4059.000000       66.753122      
275330.611905     4063.000000       66.765349      
275650.884406     4067.000000       66.777449      
275970.738982     4071.000000       66.789422      
276290.174233     4075.000000       66.801270      
276609.188759     4079.000000       66.812991      
276927.781162     4083.000000       66.824585      
277245.950047     4087.000000       66.836053      
277563.694020     4091.000000       66.847395      
277881.011689     4095.000000       66.858611      
278197.901665     4099.000000       66.869700      
278514.362558     4103.000000       66.880664      
278830.392983     4107.000000       66.891501      
279145.991555     4111.000000       66.902212      
279461.156892     4115.000000       66.912796      
279775.887613     4119.000000       66.923255      
280090.182339     4123.000000       66.933588      
280404.039693     4127.000000       66.943794      
280717.458302     4131.000000       66.953875      
281030.436791     4135.000000       66.963830      
281342.973789     4139.000000       66.973659      
281655.067928     4143.000000       66.983362      
281966.717840     4147.000000       66.992939      
282277.922161     4151.000000       67.002390      
282588.679526     4155.000000       67.011716      
282898.988574     4159.000000       67.020916      
283208.847947     4163.000000       67.029990      
283518.256286     4167.000000       67.038938      
283827.212237     4171.000000       67.047761      
284135.714446     4175.000000       67.056459      
284443.761561     4179.000000       67.065030      
284751.352233     4183.000000       67.073477      
285058.485115     4187.000000       67.081797      
285365.158861     4191.000000       67.089993      
285671.372127     4195.000000       67.098062      
285977.123573     4199.000000       67.106007      
286282.411859     4203.000000       67.113826      
286587.235647     4207.000000       67.121520      
286891.593602     4211.000000       67.129089      
287195.484392     4215.000000       67.136532      
287498.906684     4219.000000       67.143851      
287801.859149     4223.000000       67.151044      
288104.340461     4227.000000       67.158112      
288406.349295     4231.000000       67.165055      
288707.884326     4235.000000       67.171874      
289008.944235     4239.000000       67.178567      
289309.527703     4243.000000       67.185135      
289609.633412     4247.000000       67.191578      
289909.260048     4251.000000       67.197897      
290208.406300     4255.000000       67.204091      
290507.070855     4259.000000       67.210160      
290805.252406     4263.000000       67.216104      
291102.949646     4267.000000       67.221924      
291400.161272     4271.000000       67.227619      
291696.885982     4275.000000       67.233190      
291993.122475     4279.000000       67.238636      
292288.869454     4283.000000       67.243957      
292584.125624     4287.000000       67.249155      
292878.889690     4291.000000       67.254227      
293173.160362     4295.000000       67.259176      
293466.936351     4299.000000       67.264000      
293760.216370     4303.000000       67.268700      
294052.999133     4307.000000       67.273276      
294345.283359     4311.000000       67.277728      
294637.067766     4315.000000       67.282055      
294928.351078     4319.000000       67.286259      
295219.132017     4323.000000       67.290338      
295509.409310     4327.000000       67.294294      
295799.181685     4331.000000       67.298126      
296088.447873     4335.000000       67.301833      
296377.206607     4339.000000       67.305418      
296665.456622     4343.000000       67.308878      
296953.196655     4347.000000       67.312215      
297240.425446     4351.000000       67.315428      
297527.141736     4355.000000       67.318517      
297813.344269     4359.000000       67.321483      
298099.031792     4363.000000       67.324325      
298384.203053     4367.000000       67.327044      
298668.856802     4371.000000       67.329640      
298952.991794     4375.000000       67.332112      
299236.606783     4379.000000       67.334461      
299519.700527     4383.000000       67.336687      
299802.271785     4387.000000       67.338790      
300084.319320     4391.000000       67.340770      
300365.841896     4395.000000       67.342626      
300646.838281     4399.000000       67.344360      
300927.307242     4403.000000       67.345970      
301207.247552     4407.000000       67.347458      
301486.657984     4411.000000       67.348823      
301765.537314     4415.000000       67.350065      
302043.884321     4419.000000       67.351185      
302321.697784     4423.000000       67.352181      
302598.976488     4427.000000       67.353055      
302875.719217     4431.000000       67.353807      
303151.924760     4435.000000       67.354436      
303427.591905     4439.000000       67.354943      
303702.719446     4443.000000       67.355327      
303977.306177     4447.000000       67.355589      
304251.350896     4451.000000       67.355729      
304524.852402     4455.000000       67.355747      
304797.809496     4459.000000       67.355642      
305070.220984     4463.000000       67.355416      
305342.085672     4467.000000       67.355067      
305613.402368     4471.000000       67.354597      
305884.169885     4475.000000       67.354004      
306154.387035     4479.000000       67.353290      
306424.052637     4483.000000       67.352454      
306693.165507     4487.000000       67.351497      
306961.724467     4491.000000       67.350417      
307229.728342     4495.000000       67.349217      
307497.175956     4499.000000       67.347894      
307764.066138     4503.000000       67.346450      
308030.397719     4507.000000       67.344885      
308296.169533     4511.000000       67.343199      
308561.380414     4515.000000       67.341391      
308826.029202     4519.000000       67.339462      
309090.114737     4523.000000       67.337412      
309353.635862     4527.000000       67.335241      
309616.591422     4531.000000       67.332949      
309878.980266     4535.000000       67.330536      
310140.801245     4539.000000       67.328002      
310402.053211     4543.000000       67.325347      
310662.735019     4547.000000       67.322572      
310922.845529     4551.000000       67.319676      
311182.383600     4555.000000       67.316659      
311441.348096     4559.000000       67.313522      
311699.737882     4563.000000       67.310265      
311957.551826     4567.000000       67.306887      
312214.788799     4571.000000       67.303388      
312471.447674     4575.000000       67.299770      
312727.527326     4579.000000       67.296031      
312983.026635     4583.000000       67.292173      
313237.944480     4587.000000       67.288194      
313492.279744     4591.000000       67.284095      
313746.031315     4595.000000       67.279876      
313999.198079     4599.000000       67.275538      
314251.778929     4603.000000       67.271079      
314503.772757     4607.000000       67.266502      
314755.178460     4611.000000       67.261804      
315005.994937     4615.000000       67.256987      
315256.221088     4619.000000       67.252050      
315505.855818     4623.000000       67.246995      
315754.898032     4627.000000       67.241819      
316003.346641     4631.000000       67.236525      
316251.200555     4635.000000       67.231111      
316498.458689     4639.000000       67.225579      
316745.119959     4643.000000       67.219927      
316991.183286     4647.000000       67.214156      
317236.647592     4651.000000       67.208267      
317481.511800     4655.000000       67.202258      
317725.774838     4659.000000       67.196131      
317969.435637     4663.000000       67.189885      
318212.493128     4667.000000       67.183521      
318454.946248     4671.000000       67.177038      
318696.793934     4675.000000       67.170437      
318938.035126     4679.000000       67.163718      
319178.668768     4683.000000       67.156880      
319418.693806     4687.000000       67.149924      
319658.109188     4691.000000       67.142850      
319896.913865     4695.000000       67.135658      
320135.106791     4699.000000       67.128348      
320372.686924     4703.000000       67.120920      
320609.653221     4707.000000       67.113374      
320846.004646     4711.000000       67.105711      
321081.740162     4715.000000       67.097930      
321316.858737     4719.000000       67.090032      
321551.359341     4723.000000       67.082016      
321785.240947     4727.000000       67.073882      
322018.502530     4731.000000       67.065631      
322251.143068     4735.000000       67.057264      
322483.161543     4739.000000       67.048779      
322714.556937     4743.000000       67.040176      
322945.328238     4747.000000       67.031457      
323175.474434     4751.000000       67.022621      
323404.994517     4755.000000       67.013669      
323633.887481     4759.000000       67.004599      
323862.152325     4763.000000       66.995413      
324089.788047     4767.000000       66.986110      
324316.793651     4771.000000       66.976691      
324543.168143     4775.000000       66.967156      
324768.910530     4779.000000       66.957504      
324994.019824     4783.000000       66.947736      
325218.495038     4787.000000       66.937851      
325442.335190     4791.000000       66.927851      
325665.539299     4795.000000       66.917735      
325888.106386     4799.000000       66.907503      
326110.035478     4803.000000       66.897155      
326331.325601     4807.000000       66.886691      
326551.975787     4811.000000       66.876112      
326771.985068     4815.000000       66.865417      
326991.352482     4819.000000       66.854607      
327210.077066     4823.000000       66.843682      
327428.157864     4827.000000       66.832641      
327645.593919     4831.000000       66.821485      
327862.384278     4835.000000       66.810214      
328078.527994     4839.000000       66.798828      
328294.024118     4843.000000       66.787327      
328508.871706     4847.000000       66.775711      
328723.069818     4851.000000       66.763981      
328936.617514     4855.000000       66.752135      
329149.513860     4859.000000       66.740176      
329361.757923     4863.000000       66.728102      
329573.348774     4867.000000       66.715913      
329784.285484     4871.000000       66.703610      
329994.567131     4875.000000       66.691193      
330204.192792     4879.000000       66.678662      
330413.161550     4883.000000       66.666017      
330621.472490     4887.000000       66.653258      
330829.124698     4891.000000       66.640385      
331036.117266     4895.000000       66.627399      
331242.449286     4899.000000       66.614299      
331448.119854     4903.000000       66.601085      
331653.128070     4907.000000       66.587758      
331857.473035     4911.000000       66.574317      
332061.153854     4915.000000       66.560764      
332264.169636     4919.000000       66.547097      
332466.519490     4923.000000       66.533317      
332668.202530     4927.000000       66.519424      
332869.217874     4931.000000       66.505418      
333069.564639     4935.000000       66.491300      
333269.241949     4939.000000       66.477069      
333468.248928     4943.000000       66.462725      
333666.584706     4947.000000       66.448269      
333864.248413     4951.000000       66.433700      
334061.239183     4955.000000       66.419019      
334257.556154     4959.000000       66.404226      
334453.198465     4963.000000       66.389321      
334648.165259     4967.000000       66.374303      
334842.455682     4971.000000       66.359174      
335036.068884     4975.000000       66.343933      
335229.004015     4979.000000       66.328581      
335421.260231     4983.000000       66.313117      
335612.836690     4987.000000       66.297541      
335803.732552     4991.000000       66.281854      
335993.946982     4995.000000       66.266055      
336183.479145     4999.000000       66.250146      
336372.328211     5003.000000       66.234125      
336560.493354     5007.000000       66.217993      
336747.973749     5011.000000       66.201751      
336934.768575     5015.000000       66.185398      
337120.877013     5019.000000       66.168933      
337306.298248     5023.000000       66.152359      
337491.031468     5027.000000       66.135674      
337675.075863     5031.000000       66.118878      
337858.430628     5035.000000       66.101972      
338041.094960     5039.000000       66.084956      
338223.068057     5043.000000       66.067830      
338404.349123     5047.000000       66.050594      
338584.937364     5051.000000       66.033248      
338764.831988     5055.000000       66.015793      
338944.032208     5059.000000       65.998227      
339122.537238     5063.000000       65.980552      
339300.346297     5067.000000       65.962768      
339477.458605     5071.000000       65.944875      
339653.873388     5075.000000       65.926872      
339829.589871     5079.000000       65.908760      
340004.607286     5083.000000       65.890539      
340178.924865     5087.000000       65.872209      
340352.541845     5091.000000       65.853770      
340525.457465     5095.000000       65.835222      
340697.670968     5099.000000       65.816566      
340869.181599     5103.000000       65.797802      
341039.988608     5107.000000       65.778929      
341210.091246     5111.000000       65.759947      
341379.488767     5115.000000       65.740858      
341548.180430     5119.000000       65.721661      
341716.165495     5123.000000       65.702355      
341883.443228     5127.000000       65.682942      
342050.012894     5131.000000       65.663421      
342215.873765     5135.000000       65.643792      
342381.025113     5139.000000       65.624056      
342545.466215     5143.000000       65.604213      
342709.196352     5147.000000       65.584262      
342872.214805     5151.000000       65.564204      
343034.520861     5155.000000       65.544039      
343196.113808     5159.000000       65.523767      
343356.992938     5163.000000       65.503388      
343517.157548     5167.000000       65.482903      
343676.606935     5171.000000       65.462310      
343835.340400     5175.000000       65.441612      
343993.357249     5179.000000       65.420807      
344150.656790     5183.000000       65.399895      
344307.238332     5187.000000       65.378878      
344463.101190     5191.000000       65.357754      
344618.244682     5195.000000       65.336524      
344772.668127     5199.000000       65.315189      
344926.370850     5203.000000       65.293748      
345079.352177     5207.000000       65.272201      
345231.611438     5211.000000       65.250549      
345383.147965     5215.000000       65.228792      
345533.961095     5219.000000       65.206929      
345684.050168     5223.000000       65.184961      
345833.414525     5227.000000       65.162888      
345982.053513     5231.000000       65.140710      
346129.966481     5235.000000       65.118427      
346277.152779     5239.000000       65.096040      
346423.611764     5243.000000       65.073548      
346569.342795     5247.000000       65.050952      
346714.345232     5251.000000       65.028251      
346858.618440     5255.000000       65.005446      
347002.161788     5259.000000       64.982537      
347144.974646     5263.000000       64.959524      
347287.056390     5267.000000       64.936407      
347428.406396     5271.000000       64.913187      
347569.024045     5275.000000       64.889862      
347708.908722     5279.000000       64.866435      
347848.059813     5283.000000       64.842904      
347986.476709     5287.000000       64.819269      
348124.158804     5291.000000       64.795532      
348261.105495     5295.000000       64.771691      
348397.316181     5299.000000       64.747748      
348532.790266     5303.000000       64.723702      
348667.527156     5307.000000       64.699553      
348801.526261     5311.000000       64.675301      
348934.786995     5315.000000       64.650948      
349067.308773     5319.000000       64.626492      
349199.091014     5323.000000       64.601933      
349330.133143     5327.000000       64.577273      
349460.434584     5331.000000       64.552511      
349589.994766     5335.000000       64.527647      
349718.813123     5339.000000       64.502681      
349846.889089     5343.000000       64.477614      
349974.222104     5347.000000       64.452445      
350100.811611     5351.000000       64.427175      
350226.657053     5355.000000       64.401803      
350351.757881     5359.000000       64.376331      
350476.113545     5363.000000       64.350758      
350599.723502     5367.000000       64.325084      
350722.587210     5371.000000       64.299309      
350844.704130     5375.000000       64.273433      
350966.073728     5379.000000       64.247457      
351086.695472     5383.000000       64.221381      
351206.568833     5387.000000       64.195205      
351325.693287     5391.000000       64.168928      
351444.068311     5395.000000       64.142552      
351561.693387     5399.000000       64.116076      
351678.568000     5403.000000       64.089500      
351794.691638     5407.000000       64.062824      
351910.063791     5411.000000       64.036049      
352024.683955     5415.000000       64.009175      
352138.551627     5419.000000       63.982202      
352251.666309     5423.000000       63.955129      
352364.027505     5427.000000       63.927958      
352475.634723     5431.000000       63.900688      
352586.487474     5435.000000       63.873319      
352696.585272     5439.000000       63.845851      
352805.927635     5443.000000       63.818285      
352914.514084     5447.000000       63.790621      
353022.344143     5451.000000       63.762859      
353129.417341     5455.000000       63.734999      
353235.733207     5459.000000       63.707040      
353341.291276     5463.000000       63.678984      
353446.091085     5467.000000       63.650831      
353550.132176     5471.000000       63.622579      
353653.414093     5475.000000       63.594231      
353755.936384     5479.000000       63.565785      
353857.698598     5483.000000       63.537242      
353958.700291     5487.000000       63.508602      
354058.941019     5491.000000       63.479865      
354158.420344     5495.000000       63.451032      
354257.137831     5499.000000       63.422102      
354355.093045     5503.000000       63.393075      
354452.285559     5507.000000       63.363952      
354548.714946     5511.000000       63.334733      
354644.380785     5515.000000       63.305418      
354739.282655     5519.000000       63.276007      
354833.420142     5523.000000       63.246500      
354926.792832     5527.000000       63.216898      
355019.400317     5531.000000       63.187199      
355111.242191     5535.000000       63.157406      
355202.318051     5539.000000       63.127517      
355292.627499     5543.000000       63.097533      
355382.170139     5547.000000       63.067455      
355470.945579     5551.000000       63.037281      
355558.953429     5555.000000       63.007012      
355646.193304     5559.000000       62.976649      
355732.664823     5563.000000       62.946192      
355818.367605     5567.000000       62.915640      
355903.301276     5571.000000       62.884994      
355987.465463     5575.000000       62.854254      
356070.859798     5579.000000       62.823420      
356153.483915     5583.000000       62.792492      
356235.337453     5587.000000       62.761471      
356316.420052     5591.000000       62.730356      
356396.731358     5595.000000       62.699148      
356476.271018     5599.000000       62.667846      
356555.038684     5603.000000       62.636452      
356633.034010     5607.000000       62.604964      
356710.256656     5611.000000       62.573384      
356786.706283     5615.000000       62.541711      
356862.382555     5619.000000       62.509945      
356937.285141     5623.000000       62.478087      
357011.413713     5627.000000       62.446137      
357084.767946     5631.000000       62.414095      
357157.347519     5635.000000       62.381961      
357229.152113     5639.000000       62.349734      
357300.181413     5643.000000       62.317417      
357370.435109     5647.000000       62.285007      
357439.912893     5651.000000       62.252506      
357508.614460     5655.000000       62.219914      
357576.539509     5659.000000       62.187231      
357643.687742     5663.000000       62.154457      
357710.058864     5667.000000       62.121591      
357775.652586     5671.000000       62.088636      
357840.468619     5675.000000       62.055589      
357904.506679     5679.000000       62.022452      
357967.766485     5683.000000       61.989225      
358030.247761     5687.000000       61.955908      
358091.950231     5691.000000       61.922500      
358152.873626     5695.000000       61.889003      
358213.017678     5699.000000       61.855416      
358272.382124     5703.000000       61.821740      
358330.966702     5707.000000       61.787974      
358388.771157     5711.000000       61.754119      
358445.795234     5715.000000       61.720174      
358502.038683     5719.000000       61.686141      
358557.501257     5723.000000       61.652018      
358612.182713     5727.000000       61.617807      
358666.082811     5731.000000       61.583508      
358719.201315     5735.000000       61.549120      
358771.537989     5739.000000       61.514643      
358823.092606     5743.000000       61.480079      
358873.864938     5747.000000       61.445426      
358923.854762     5751.000000       61.410686      
358973.061858     5755.000000       61.375858      
359021.486010     5759.000000       61.340942      
359069.127004     5763.000000       61.305939      
359115.984632     5767.000000       61.270849      
359162.058686     5771.000000       61.235671      
359207.348963     5775.000000       61.200407      
359251.855263     5779.000000       61.165055      
359295.577391     5783.000000       61.129617      
359338.515153     5787.000000       61.094093      
359380.668359     5791.000000       61.058482      
359422.036822     5795.000000       61.022785      
359462.620359     5799.000000       60.987001      
359502.418790     5803.000000       60.951132      
359541.431938     5807.000000       60.915177      
359579.659629     5811.000000       60.879136      
359617.101692     5815.000000       60.843010      
359653.757960     5819.000000       60.806798      
359689.628268     5823.000000       60.770501      
359724.712455     5827.000000       60.734119      
359759.010362     5831.000000       60.697652      
359792.521833     5835.000000       60.661101      
359825.246716     5839.000000       60.624464      
359857.184860     5843.000000       60.587743      
359888.336116     5847.000000       60.550938      
359918.700341     5851.000000       60.514049      
359948.277390     5855.000000       60.477076      
359977.067123     5859.000000       60.440018      
360005.069400     5863.000000       60.402877      
360032.284083     5867.000000       60.365653      
360058.711037     5871.000000       60.328345      
360084.350124     5875.000000       60.290953      
360109.201210     5879.000000       60.253479      
360133.264157     5883.000000       60.215921      
360156.538830     5887.000000       60.178281      
360179.025087     5891.000000       60.140558      
360200.722785     5895.000000       60.102752      
360221.631778     5899.000000       60.064864      
360241.751907     5903.000000       60.026893      
360261.083009     5907.000000       59.988841      
360279.624905     5911.000000       59.950706      
360297.377397     5915.000000       59.912490      
360314.340265     5919.000000       59.874192      
360330.513257     5923.000000       59.835812      
360345.896076     5927.000000       59.797350      
360360.488368     5931.000000       59.758808      
360374.289697     5935.000000       59.720184      
360387.299518     5939.000000       59.681478      
360399.517126     5943.000000       59.642692      
360410.941593     5947.000000       59.603824      
360421.571661     5951.000000       59.564875      
360431.405578     5955.000000       59.525845      
360440.440828     5959.000000       59.486733      
360448.673674     5963.000000       59.447539      
360456.098328     5967.000000       59.408262      
360462.705358     5971.000000       59.368901      
360468.478308     5975.000000       59.329452      
360473.385370     5979.000000       59.289912      
360477.358328     5983.000000       59.250269      
360480.456753     5987.000000       59.210532      
360483.763724     5991.000000       59.170884      
360488.360994     5995.000000       59.131503      
360494.980084     5999.000000       59.092512      
