2.999876          3.000000          0.000041       
6.999382          7.000000          0.000088       
10.998684         11.000000         0.000120       
15.003041         15.000000         0.000203       
19.068455         19.000000         0.003603       
23.418372         23.000000         0.018190       
28.380609         27.000000         0.051134       
34.135251         31.000000         0.101137       
40.715423         35.000000         0.163298       
48.112795         39.000000         0.233661       
56.316189         43.000000         0.309679       
65.317197         47.000000         0.389728       
75.109742         51.000000         0.472740       
85.689219         55.000000         0.557986       
97.051902         59.000000         0.644947       
109.194583        63.000000         0.733247       
122.114348        67.000000         0.822602       
135.808440        71.000000         0.912795       
150.274175        75.000000         1.003656       
165.508879        79.000000         1.095049       
181.509857        83.000000         1.186866       
198.274360        87.000000         1.279016       
215.799575        91.000000         1.371424       
234.082607        95.000000         1.464027       
253.120472        99.000000         1.556772       
272.910090        103.000000        1.649613       
293.448282        107.000000        1.742507       
314.731767        111.000000        1.835421       
336.757154        115.000000        1.928323       
359.520950        119.000000        2.021184       
383.019549        123.000000        2.113980       
407.249239        127.000000        2.206687       
432.206196        131.000000        2.299284       
457.886488        135.000000        2.391752       
484.286072        139.000000        2.484072       
511.400794        143.000000        2.576229       
539.226393        147.000000        2.668207       
567.758496        151.000000        2.759990       
596.992621        155.000000        2.851565       
626.924180        159.000000        2.942919       
657.548474        163.000000        3.034040       
688.860698        167.000000        3.124914       
720.855941        171.000000        3.215532       
753.529183        175.000000        3.305881       
786.875302        179.000000        3.395951       
820.889067        183.000000        3.485733       
855.565147        187.000000        3.575215       
890.898106        191.000000        3.664388       
926.882404        195.000000        3.753243       
963.512401        199.000000        3.841771       
1000.782357       203.000000        3.929962       
1038.686429       207.000000        4.017809       
1077.218679       211.000000        4.105302       
1116.373067       215.000000        4.192433       
1156.143457       219.000000        4.279194       
1196.523619       223.000000        4.365577       
1237.507223       227.000000        4.451574       
1279.087849       231.000000        4.537177       
1321.258981       235.000000        4.622379       
1364.014012       239.000000        4.707172       
1407.346242       243.000000        4.791548       
1451.248883       247.000000        4.875502       
1495.715055       251.000000        4.959024       
1540.737793       255.000000        5.042109       
1586.310041       259.000000        5.124749       
1632.424660       263.000000        5.206938       
1679.074426       267.000000        5.288668       
1726.252029       271.000000        5.369934       
1773.950079       275.000000        5.450728       
1822.161102       279.000000        5.531043       
1870.877546       283.000000        5.610875       
1920.091777       287.000000        5.690215       
1969.796087       291.000000        5.769059       
2019.982688       295.000000        5.847399       
2070.643718       299.000000        5.925230       
2121.771240       303.000000        6.002545       
2173.357244       307.000000        6.079340       
2225.393649       311.000000        6.155607       
2277.872302       315.000000        6.231341       
2330.784982       319.000000        6.306536       
2384.123400       323.000000        6.381187       
2437.879200       327.000000        6.455288       
2492.043960       331.000000        6.528834       
2546.609195       335.000000        6.601818       
2601.566356       339.000000        6.674237       
2656.906835       343.000000        6.746084       
2712.621961       347.000000        6.817354       
2768.703006       351.000000        6.888043       
2825.141184       355.000000        6.958144       
2881.927654       359.000000        7.027654       
2939.053521       363.000000        7.096566       
2996.509834       367.000000        7.164877       
3054.287592       371.000000        7.232581       
3112.377745       375.000000        7.299674       
3170.771192       379.000000        7.366151       
3229.458784       383.000000        7.432007       
3288.431329       387.000000        7.497239       
3347.679588       391.000000        7.561840       
3407.194279       395.000000        7.625808       
3466.966078       399.000000        7.689138       
3526.985622       403.000000        7.751825       
3587.243509       407.000000        7.813866       
3647.730298       411.000000        7.875256       
3708.436513       415.000000        7.935992       
3769.352646       419.000000        7.996068       
3830.469152       423.000000        8.055483       
3891.776458       427.000000        8.114231       
3953.264959       431.000000        8.172308       
4014.925022       435.000000        8.229713       
4076.746988       439.000000        8.286440       
4138.721173       443.000000        8.342486       
4200.837867       447.000000        8.397848       
4263.087340       451.000000        8.452522       
4325.459839       455.000000        8.506505       
4387.945594       459.000000        8.559794       
4450.534815       463.000000        8.612386       
4513.217699       467.000000        8.664278       
4575.984424       471.000000        8.715466       
4638.825159       475.000000        8.765948       
4701.730058       479.000000        8.815720       
4764.689268       483.000000        8.864781       
4827.692924       487.000000        8.913127       
4890.731158       491.000000        8.960756       
4953.794094       495.000000        9.007665       
5016.871853       499.000000        9.053851       
5079.954553       503.000000        9.099313       
5143.032311       507.000000        9.144048       
5206.095247       511.000000        9.188053       
5269.133481       515.000000        9.231327       
5332.137137       519.000000        9.273867       
5395.096346       523.000000        9.315672       
5458.001244       527.000000        9.356739       
5520.841978       531.000000        9.397066       
5583.608702       535.000000        9.436652       
5646.291585       539.000000        9.475495       
5708.880805       543.000000        9.513593       
5771.366559       547.000000        9.550944       
5833.739056       551.000000        9.587548       
5895.988527       555.000000        9.623403       
5958.105220       559.000000        9.658507       
6020.079403       563.000000        9.692859       
6081.901367       567.000000        9.726457       
6143.561428       571.000000        9.759302       
6205.049927       575.000000        9.791391       
6266.357230       579.000000        9.822724       
6327.473733       583.000000        9.853300       
6388.389863       587.000000        9.883117       
6449.096076       591.000000        9.912176       
6509.582862       595.000000        9.940475       
6569.840745       599.000000        9.968015       
6629.860286       603.000000        9.994793       
6689.632082       607.000000        10.020811      
6749.146769       611.000000        10.046067      
6808.395023       615.000000        10.070561      
6867.367564       619.000000        10.094293      
6926.055153       623.000000        10.117263      
6984.448595       627.000000        10.139471      
7042.538743       631.000000        10.160917      
7100.316496       635.000000        10.181601      
7157.772804       639.000000        10.201522      
7214.898665       643.000000        10.220682      
7271.685130       647.000000        10.239081      
7328.123302       651.000000        10.256718      
7384.204341       655.000000        10.273594      
7439.919460       659.000000        10.289711      
7495.259932       663.000000        10.305068      
7550.217087       667.000000        10.319666      
7604.782314       671.000000        10.333506      
7658.947066       675.000000        10.346588      
7712.702858       679.000000        10.358914      
7766.041268       683.000000        10.370485      
7818.953940       687.000000        10.381301      
7871.432584       691.000000        10.391364      
7923.468979       695.000000        10.400675      
7975.054973       699.000000        10.409235      
8026.182485       703.000000        10.417045      
8076.843504       707.000000        10.424107      
8127.030094       711.000000        10.430422      
8176.734392       715.000000        10.435992      
8225.948612       719.000000        10.440819      
8274.665043       723.000000        10.444903      
8322.876053       727.000000        10.448248      
8370.574088       731.000000        10.450854      
8417.751677       735.000000        10.452723      
8464.401427       739.000000        10.453858      
8510.516031       743.000000        10.454261      
8556.088262       747.000000        10.453933      
8601.110982       751.000000        10.452877      
8645.577136       755.000000        10.451096      
8689.479757       759.000000        10.448590      
8732.811968       763.000000        10.445363      
8775.566977       767.000000        10.441417      
8817.738087       771.000000        10.436755      
8859.318690       775.000000        10.431379      
8900.302269       779.000000        10.425292      
8940.682405       783.000000        10.418496      
8980.452768       787.000000        10.410995      
9019.607127       791.000000        10.402790      
9058.139347       795.000000        10.393886      
9096.043387       799.000000        10.384285      
9133.313309       803.000000        10.373989      
9169.943271       807.000000        10.363003      
9205.927531       811.000000        10.351329      
9241.260450       815.000000        10.338970      
9275.936488       819.000000        10.325930      
9309.950208       823.000000        10.312212      
9343.296279       827.000000        10.297819      
9375.969471       831.000000        10.282755      
9407.964660       835.000000        10.267024      
9439.276828       839.000000        10.250628      
9469.901061       843.000000        10.233572      
9499.832556       847.000000        10.215859      
9529.066612       851.000000        10.197493      
9557.598642       855.000000        10.178478      
9585.424162       859.000000        10.158817      
9612.538801       863.000000        10.138515      
9638.938296       867.000000        10.117576      
9664.618493       871.000000        10.096003      
9689.575349       875.000000        10.073800      
9713.804930       879.000000        10.050973      
9737.303414       883.000000        10.027524      
9760.067086       887.000000        10.003458      
9782.092343       891.000000        9.978779       
9803.375688       895.000000        9.953492       
9823.913734       899.000000        9.927601       
9843.703199       903.000000        9.901111       
9862.740905       907.000000        9.874025       
9881.023773       911.000000        9.846349       
9898.548825       915.000000        9.818086       
9915.313171       919.000000        9.789242       
9931.314005       923.000000        9.759820       
9946.548593       927.000000        9.729826       
9961.014262       931.000000        9.699263       
9974.708371       935.000000        9.668137       
9987.628287       939.000000        9.636452       
9999.771338       943.000000        9.604211       
10011.134743      947.000000        9.571420       
10021.715510      951.000000        9.538082       
10031.510271      955.000000        9.504199       
10040.515016      959.000000        9.469776       
10048.724627      963.000000        9.434813       
10056.132056      967.000000        9.399309       
10062.726730      971.000000        9.363261       
10068.491168      975.000000        9.326658       
10073.392649      979.000000        9.289472       
10077.362164      983.000000        9.251640       
10080.459005      987.000000        9.213231       
10083.765698      991.000000        9.175344       
10088.362433      995.000000        9.139058       
10094.980674      999.000000        9.105086       
