2.999657          3.000000          0.000114       
6.998289          7.000000          0.000244       
10.996015         11.000000         0.000362       
14.998076         15.000000         0.000128       
19.060180         19.000000         0.003167       
23.404515         23.000000         0.017588       
28.357053         27.000000         0.050261       
34.096419         31.000000         0.099884       
40.654258         35.000000         0.161550       
48.020461         39.000000         0.231294       
56.181813         43.000000         0.306554       
65.127644         47.000000         0.385695       
74.849404         51.000000         0.467635       
85.339803         55.000000         0.551633       
96.592224         59.000000         0.637156       
108.600362        63.000000         0.723815       
121.358001        67.000000         0.811313       
134.858884        71.000000         0.899421       
149.096623        75.000000         0.987955       
164.064645        79.000000         1.076768       
179.756159        83.000000         1.165737       
196.164130        87.000000         1.254760       
213.281267        91.000000         1.343750       
231.100008        95.000000         1.432632       
249.612521        99.000000         1.521339       
268.810694        103.000000        1.609813       
288.686136        107.000000        1.698001       
309.230179        111.000000        1.785857       
330.433875        115.000000        1.873338       
352.288001        119.000000        1.960403       
374.783058        123.000000        2.047017       
397.909277        127.000000        2.133144       
421.656619        131.000000        2.218753       
446.014782        135.000000        2.303813       
470.973203        139.000000        2.388296       
496.521059        143.000000        2.472175       
522.647279        147.000000        2.555424       
549.340539        151.000000        2.638017       
576.589273        155.000000        2.719931       
604.381678        159.000000        2.801143       
632.705714        163.000000        2.881630       
661.549113        167.000000        2.961372       
690.899384        171.000000        3.040347       
720.743815        175.000000        3.118536       
751.069484        179.000000        3.195919       
781.863259        183.000000        3.272477       
813.111806        187.000000        3.348191       
844.801595        191.000000        3.423045       
876.918906        195.000000        3.497020       
909.449834        199.000000        3.570100       
942.380296        203.000000        3.642267       
975.696033        207.000000        3.713507       
1009.382624       211.000000        3.783804       
1043.425485       215.000000        3.853142       
1077.809878       219.000000        3.921506       
1112.520919       223.000000        3.988883       
1147.543581       227.000000        4.055258       
1182.862703       231.000000        4.120618       
1218.462996       235.000000        4.184949       
1254.329049       239.000000        4.248239       
1290.445336       243.000000        4.310475       
1326.796224       247.000000        4.371645       
1363.365976       251.000000        4.431737       
1400.138763       255.000000        4.490740       
1437.098667       259.000000        4.548644       
1474.229689       263.000000        4.605436       
1511.515756       267.000000        4.661108       
1548.940728       271.000000        4.715648       
1586.488404       275.000000        4.769049       
1624.142533       279.000000        4.821299       
1661.886814       283.000000        4.872392       
1699.704909       287.000000        4.922317       
1737.580448       291.000000        4.971067       
1775.497037       295.000000        5.018634       
1813.438262       299.000000        5.065011       
1851.387700       303.000000        5.110190       
1889.328924       307.000000        5.154166       
1927.245511       311.000000        5.196931       
1965.121048       315.000000        5.238480       
2002.939140       319.000000        5.278806       
2040.683416       323.000000        5.317905       
2078.337540       327.000000        5.355772       
2115.885210       331.000000        5.392402       
2153.310175       335.000000        5.427792       
2190.596233       339.000000        5.461936       
2227.727246       343.000000        5.494832       
2264.687140       347.000000        5.526476       
2301.459916       351.000000        5.556866       
2338.029656       355.000000        5.585999       
2374.380531       359.000000        5.613873       
2410.496804       363.000000        5.640487       
2446.362841       367.000000        5.665839       
2481.963117       371.000000        5.689928       
2517.282221       375.000000        5.712753       
2552.304863       379.000000        5.734314       
2587.015883       383.000000        5.754611       
2621.400254       387.000000        5.773644       
2655.443090       391.000000        5.791415       
2689.129655       395.000000        5.807923       
2722.445364       399.000000        5.823171       
2755.375796       403.000000        5.837161       
2787.906692       407.000000        5.849894       
2820.023970       411.000000        5.861372       
2851.713723       415.000000        5.871599       
2882.962231       419.000000        5.880578       
2913.755964       423.000000        5.888312       
2944.081588       427.000000        5.894805       
2973.925972       431.000000        5.900060       
3003.276192       435.000000        5.904083       
3032.119538       439.000000        5.906878       
3060.443516       443.000000        5.908450       
3088.235859       447.000000        5.908805       
3115.484528       451.000000        5.907948       
3142.177717       455.000000        5.905885       
3168.303860       459.000000        5.902623       
3193.851636       463.000000        5.898168       
3218.809969       467.000000        5.892527       
3243.168040       471.000000        5.885707       
3266.915282       475.000000        5.877716       
3290.041395       479.000000        5.868562       
3312.536338       483.000000        5.858253       
3334.390342       487.000000        5.846797       
3355.593909       491.000000        5.834203       
3376.137815       495.000000        5.820480       
3396.013112       499.000000        5.805637       
3415.211133       503.000000        5.789684       
3433.723488       507.000000        5.772630       
3451.542068       511.000000        5.754485       
3468.659043       515.000000        5.735260       
3485.066857       519.000000        5.714965       
3500.758228       523.000000        5.693610       
3515.726135       527.000000        5.671207       
3529.963808       531.000000        5.647766       
3543.464708       535.000000        5.623299       
3556.222500       539.000000        5.597815       
3568.231007       543.000000        5.571328       
3579.484149       547.000000        5.543847       
3589.975837       551.000000        5.515383       
3599.699812       555.000000        5.485946       
3608.649377       559.000000        5.455545       
3616.816938       563.000000        5.424186       
3624.193181       567.000000        5.391875       
3630.765476       571.000000        5.358609       
3636.514490       575.000000        5.324373       
3641.405855       579.000000        5.289129       
3645.369124       583.000000        5.252777       
3648.463094       587.000000        5.215440       
3651.769285       591.000000        5.178967       
3656.365045       595.000000        5.145151       
3662.981744       599.000000        5.115162       
