2.996993          3.000000          0.001002       
6.984951          7.000000          0.002150       
10.963426         11.000000         0.003325       
14.937384         15.000000         0.004174       
18.959024         19.000000         0.002157       
23.235493         23.000000         0.010239       
28.070635         27.000000         0.039653       
33.625624         31.000000         0.084698       
39.914750         35.000000         0.140421       
46.907254         39.000000         0.202750       
54.566489         43.000000         0.268988       
62.856092         47.000000         0.337364       
71.739777         51.000000         0.406662       
81.180629         55.000000         0.476011       
91.140646         59.000000         0.544757       
101.580515        63.000000         0.612389       
112.459535        67.000000         0.678501       
123.735624        71.000000         0.742755       
135.365396        75.000000         0.804872       
147.304259        79.000000         0.864611       
159.506544        83.000000         0.921766       
171.925657        87.000000         0.976157       
184.514225        91.000000         1.027629       
197.224270        95.000000         1.076045       
210.007375        99.000000         1.121287       
222.814857        103.000000        1.163251       
235.597947        107.000000        1.201850       
248.307966        111.000000        1.237009       
260.896497        115.000000        1.268665       
273.315569        119.000000        1.296769       
285.517820        123.000000        1.321283       
297.456666        127.000000        1.342178       
309.086462        131.000000        1.359439       
320.362650        135.000000        1.373057       
331.241893        139.000000        1.383035       
341.682195        143.000000        1.389386       
351.642985        147.000000        1.392129       
361.085166        151.000000        1.391292       
369.971090        155.000000        1.386910       
378.264424        159.000000        1.379022       
385.929816        163.000000        1.367668       
392.932180        167.000000        1.352887       
399.235202        171.000000        1.334709       
404.798016        175.000000        1.313132       
409.566848        179.000000        1.288083       
413.454238        183.000000        1.259313       
416.513427        187.000000        1.227345       
419.813396        191.000000        1.197976       
424.397047        195.000000        1.176395       
430.994777        199.000000        1.165803       
