2.999807          3.000000          0.000064       
6.999035          7.000000          0.000138       
10.997838         11.000000         0.000197       
15.001466         15.000000         0.000098       
19.065830         19.000000         0.003465       
23.413976         23.000000         0.017999       
28.373135         27.000000         0.050857       
34.122928         31.000000         0.100740       
40.696010         35.000000         0.162743       
48.083485         39.000000         0.232910       
56.273526         43.000000         0.308687       
65.257006         47.000000         0.388447       
75.027060         51.000000         0.471119       
85.578227         55.000000         0.555968       
96.905857         59.000000         0.642472       
109.005754        63.000000         0.730250       
121.873948        67.000000         0.819014       
135.506563        71.000000         0.908543       
149.899725        75.000000         0.998663       
165.049513        79.000000         1.089234       
180.951914        83.000000         1.180144       
197.602802        87.000000         1.271297       
214.997922        91.000000         1.362615       
233.132873        95.000000         1.454030       
252.003106        99.000000         1.545486       
271.603913        103.000000        1.636931       
291.930427        107.000000        1.728322       
312.977617        111.000000        1.819618       
334.740286        115.000000        1.910785       
357.213073        119.000000        2.001791       
380.390451        123.000000        2.092605       
404.266724        127.000000        2.183203       
428.836033        131.000000        2.273558       
454.092353        135.000000        2.363647       
480.029493        139.000000        2.453450       
506.641100        143.000000        2.542945       
533.920658        147.000000        2.632113       
561.861489        151.000000        2.720937       
590.456757        155.000000        2.809398       
619.699467        159.000000        2.897481       
649.582465        163.000000        2.985168       
680.098444        167.000000        3.072446       
711.239942        171.000000        3.159298       
742.999346        175.000000        3.245711       
775.368892        179.000000        3.331670       
808.340667        183.000000        3.417162       
841.906613        187.000000        3.502174       
876.058525        191.000000        3.586694       
910.788058        195.000000        3.670708       
946.086724        199.000000        3.754205       
981.945898        203.000000        3.837172       
1018.356816       207.000000        3.919598       
1055.310582       211.000000        4.001472       
1092.798166       215.000000        4.082782       
1130.810408       219.000000        4.163518       
1169.338022       223.000000        4.243668       
1208.371593       227.000000        4.323223       
1247.901584       231.000000        4.402171       
1287.918338       235.000000        4.480504       
1328.412077       239.000000        4.558210       
1369.372909       243.000000        4.635279       
1410.790826       247.000000        4.711704       
1452.655709       251.000000        4.787473       
1494.957331       255.000000        4.862578       
1537.685356       259.000000        4.937009       
1580.829347       263.000000        5.010758       
1624.378762       267.000000        5.083816       
1668.322962       271.000000        5.156173       
1712.651213       275.000000        5.227823       
1757.352684       279.000000        5.298755       
1802.416455       283.000000        5.368963       
1847.831517       287.000000        5.438437       
1893.586776       291.000000        5.507171       
1939.671053       295.000000        5.575156       
1986.073090       299.000000        5.642385       
2032.781551       303.000000        5.708850       
2079.785026       307.000000        5.774544       
2127.072032       311.000000        5.839460       
2174.631017       315.000000        5.903591       
2222.450363       319.000000        5.966929       
2270.518388       323.000000        6.029469       
2318.823349       327.000000        6.091203       
2367.353446       331.000000        6.152125       
2416.096823       335.000000        6.212229       
2465.041572       339.000000        6.271509       
2514.175737       343.000000        6.329958       
2563.487315       347.000000        6.387572       
2612.964259       351.000000        6.444343       
2662.594483       355.000000        6.500266       
2712.365862       359.000000        6.555337       
2762.266237       363.000000        6.609549       
2812.283419       367.000000        6.662898       
2862.405189       371.000000        6.715378       
2912.619302       375.000000        6.766985       
2962.913492       379.000000        6.817714       
3013.275472       383.000000        6.867560       
3063.692939       387.000000        6.916519       
3114.153577       391.000000        6.964587       
3164.645059       395.000000        7.011760       
3215.155051       399.000000        7.058033       
3265.671212       403.000000        7.103403       
3316.181203       407.000000        7.147865       
3366.672684       411.000000        7.191418       
3417.133322       415.000000        7.234056       
3467.550788       419.000000        7.275778       
3517.912766       423.000000        7.316579       
3568.206954       427.000000        7.356457       
3618.421066       431.000000        7.395409       
3668.542833       435.000000        7.433432       
3718.560012       439.000000        7.470524       
3768.460385       443.000000        7.506683       
3818.231760       447.000000        7.541906       
3867.861980       451.000000        7.576191       
3917.338921       455.000000        7.609536       
3966.650494       459.000000        7.641940       
4015.784655       463.000000        7.673401       
4064.729399       467.000000        7.703917       
4113.472770       471.000000        7.733488       
4162.002862       475.000000        7.762111       
4210.307817       479.000000        7.789787       
4258.375835       483.000000        7.816513       
4306.195174       487.000000        7.842290       
4353.754152       491.000000        7.867116       
4401.041150       495.000000        7.890992       
4448.044617       499.000000        7.913917       
4494.753070       503.000000        7.935891       
4541.155098       507.000000        7.956913       
4587.239365       511.000000        7.976985       
4632.994613       515.000000        7.996106       
4678.409664       519.000000        8.014277       
4723.473424       523.000000        8.031498       
4768.174883       527.000000        8.047770       
4812.503121       531.000000        8.063094       
4856.447309       535.000000        8.077472       
4899.996710       539.000000        8.090903       
4943.140685       543.000000        8.103390       
4985.868695       547.000000        8.114934       
5028.170300       551.000000        8.125536       
5070.035166       555.000000        8.135198       
5111.453065       559.000000        8.143923       
5152.413877       563.000000        8.151712       
5192.907597       567.000000        8.158567       
5232.924329       571.000000        8.164491       
5272.454298       575.000000        8.169486       
5311.487845       579.000000        8.173554       
5350.015434       583.000000        8.176699       
5388.027650       587.000000        8.178923       
5425.515206       591.000000        8.180229       
5462.468942       595.000000        8.180620       
5498.879829       599.000000        8.180100       
5534.738970       603.000000        8.178672       
5570.037601       607.000000        8.176339       
5604.767097       611.000000        8.173105       
5638.918970       615.000000        8.168974       
5672.484874       619.000000        8.163950       
5705.456605       623.000000        8.158036       
5737.826104       627.000000        8.151238       
5769.585458       631.000000        8.143559       
5800.726904       635.000000        8.135003       
5831.242826       639.000000        8.125576       
5861.125764       643.000000        8.115281       
5890.368410       647.000000        8.104124       
5918.963610       651.000000        8.092110       
5946.904369       655.000000        8.079243       
5974.183849       659.000000        8.065529       
6000.795373       663.000000        8.050973       
6026.732424       667.000000        8.035581       
6051.988649       671.000000        8.019357       
6076.557857       675.000000        8.002308       
6100.434022       679.000000        7.984439       
6123.611285       683.000000        7.965756       
6146.083949       687.000000        7.946265       
6167.846488       691.000000        7.925972       
6188.893539       695.000000        7.904883       
6209.219907       699.000000        7.883004       
6228.820561       703.000000        7.860342       
6247.690635       707.000000        7.836903       
6265.825424       711.000000        7.812694       
6283.220380       715.000000        7.787721       
6299.871111       719.000000        7.761990       
6315.773369       723.000000        7.735510       
6330.923041       727.000000        7.708285       
6345.316137       731.000000        7.680323       
6358.948768       735.000000        7.651631       
6371.817114       739.000000        7.622215       
6383.917381       743.000000        7.592083       
6395.245732       747.000000        7.561239       
6405.798188       751.000000        7.529691       
6415.570458       755.000000        7.497444       
6424.557674       759.000000        7.464503       
6432.753930       763.000000        7.430870       
6440.151457       767.000000        7.396547       
6446.739026       771.000000        7.361529       
6452.498569       775.000000        7.325805       
6457.396839       779.000000        7.289341       
6461.364372       783.000000        7.252062       
6464.460301       787.000000        7.214054       
6467.766836       791.000000        7.176696       
6472.363262       795.000000        7.141337       
6478.981013       799.000000        7.108862       
