2.999234          3.000000          0.000255       
6.996171          7.000000          0.000547       
10.990845         11.000000         0.000832       
14.988456         15.000000         0.000770       
19.044147         19.000000         0.002324       
23.377678         23.000000         0.016421       
28.311466         27.000000         0.048573       
34.021317         31.000000         0.097462       
40.536037         35.000000         0.158172       
47.842108         39.000000         0.226721       
55.922421         43.000000         0.300521       
64.761997         47.000000         0.377915       
74.347580         51.000000         0.457796       
84.666795         55.000000         0.539396       
95.707568         59.000000         0.622162       
107.457768        63.000000         0.705679       
119.905003        67.000000         0.789627       
133.036483        71.000000         0.873753       
146.838955        75.000000         0.957853       
161.298649        79.000000         1.041755       
176.401259        83.000000         1.125316       
192.131927        87.000000         1.208413       
208.475240        91.000000         1.290937       
225.415233        95.000000         1.372792       
242.935392        99.000000         1.453893       
261.018667        103.000000        1.534162       
279.647480        107.000000        1.613528       
298.803741        111.000000        1.691926       
318.468860        115.000000        1.769294       
338.623764        119.000000        1.845578       
359.248914        123.000000        1.920723       
380.324321        127.000000        1.994680       
401.829568        131.000000        2.067401       
423.743822        135.000000        2.138843       
446.045862        139.000000        2.208963       
468.714093        143.000000        2.277721       
491.726566        147.000000        2.345079       
515.061003        151.000000        2.411000       
538.694818        155.000000        2.475450       
562.605132        159.000000        2.538397       
586.768805        163.000000        2.599809       
611.162449        167.000000        2.659655       
635.762455        171.000000        2.717909       
660.545017        175.000000        2.774543       
685.486151        179.000000        2.829532       
710.561721        183.000000        2.882851       
735.747461        187.000000        2.934478       
761.018998        191.000000        2.984393       
786.351879        195.000000        3.032574       
811.721588        199.000000        3.079003       
837.103576        203.000000        3.123663       
862.473281        207.000000        3.166538       
887.806154        211.000000        3.207612       
913.077680        215.000000        3.246873       
938.263405        219.000000        3.284308       
963.338956        223.000000        3.319906       
988.280067        227.000000        3.353657       
1013.062601       231.000000        3.385552       
1037.662576       235.000000        3.415585       
1062.056184       239.000000        3.443750       
1086.219815       243.000000        3.470040       
1110.130085       247.000000        3.494454       
1133.763848       251.000000        3.516987       
1157.098229       255.000000        3.537640       
1180.110640       259.000000        3.556412       
1202.778802       263.000000        3.573303       
1225.080768       267.000000        3.588317       
1246.994941       271.000000        3.601457       
1268.500099       275.000000        3.612728       
1289.575410       279.000000        3.622134       
1310.200456       283.000000        3.629684       
1330.355248       287.000000        3.635384       
1350.020247       291.000000        3.639245       
1369.176379       295.000000        3.641276       
1387.805055       299.000000        3.641488       
1405.888185       303.000000        3.639895       
1423.408193       307.000000        3.636509       
1440.348031       311.000000        3.631344       
1456.691188       315.000000        3.624416       
1472.421705       319.000000        3.615742       
1487.524177       323.000000        3.605338       
1501.983761       327.000000        3.593223       
1515.786172       331.000000        3.579414       
1528.917673       335.000000        3.563933       
1541.365063       339.000000        3.546800       
1553.115636       343.000000        3.528034       
1564.157131       347.000000        3.507657       
1574.477635       351.000000        3.485691       
1584.065430       355.000000        3.462156       
1592.908734       359.000000        3.437072       
1600.995244       363.000000        3.410455       
1608.311324       367.000000        3.382320       
1614.840409       371.000000        3.352670       
1620.559623       375.000000        3.321492       
1625.431427       379.000000        3.288737       
1629.382612       383.000000        3.254263       
1632.471031       387.000000        3.218271       
1635.776243       391.000000        3.183571       
1640.370110       395.000000        3.152836       
1646.983816       399.000000        3.127779       
