2.999992          3.000000          0.000003       
6.999963          7.000000          0.000005       
11.000102         11.000000         0.000009       
15.005679         15.000000         0.000379       
19.072851         19.000000         0.003834       
23.425736         23.000000         0.018510       
28.393132         27.000000         0.051597       
34.155901         31.000000         0.101803       
40.747960         35.000000         0.164227       
48.161928         39.000000         0.234921       
56.387718         43.000000         0.311342       
65.418133         47.000000         0.391875       
75.248424         51.000000         0.475459       
85.875428         55.000000         0.561371       
97.296977         59.000000         0.649101       
109.511532        63.000000         0.738278       
122.517966        67.000000         0.828626       
136.315419        71.000000         0.919935       
150.903218        75.000000         1.012043       
166.280814        79.000000         1.104820       
182.447747        83.000000         1.198166       
199.403618        87.000000         1.291996       
217.148075        91.000000         1.386243       
235.680792        95.000000         1.480850       
255.001469        99.000000         1.575772       
275.109819        103.000000        1.670969       
296.005566        107.000000        1.766407       
317.688439        111.000000        1.862058       
340.158171        115.000000        1.957897       
363.414496        119.000000        2.053903       
387.457147        123.000000        2.150058       
412.285855        127.000000        2.246345       
437.900351        131.000000        2.342751       
464.300357        135.000000        2.439262       
491.485594        139.000000        2.535868       
519.455777        143.000000        2.632558       
548.210617        147.000000        2.729324       
577.749817        151.000000        2.826158       
608.073075        155.000000        2.923052       
639.180082        159.000000        3.020001       
671.070523        163.000000        3.116997       
703.744078        167.000000        3.214036       
737.200416        171.000000        3.311114       
771.439203        175.000000        3.408224       
806.460097        179.000000        3.505364       
842.262746        183.000000        3.602529       
878.846796        187.000000        3.699715       
916.211880        191.000000        3.796921       
954.357629        195.000000        3.894142       
993.283663        199.000000        3.991375       
1032.989595       203.000000        4.088619       
1073.475033       207.000000        4.185870       
1114.739576       211.000000        4.283126       
1156.782814       215.000000        4.380385       
1199.604332       219.000000        4.477645       
1243.203706       223.000000        4.574905       
1287.580505       227.000000        4.672161       
1332.734291       231.000000        4.769413       
1378.664618       235.000000        4.866658       
1425.371032       239.000000        4.963896       
1472.853072       243.000000        5.061124       
1521.110269       247.000000        5.158341       
1570.142147       251.000000        5.255546       
1619.948222       255.000000        5.352738       
1670.528003       259.000000        5.449915       
1721.880990       263.000000        5.547076       
1774.006678       267.000000        5.644220       
1826.904552       271.000000        5.741345       
1880.574091       275.000000        5.838451       
1935.014765       279.000000        5.935537       
1990.226038       283.000000        6.032601       
2046.207365       287.000000        6.129642       
2102.958195       291.000000        6.226660       
2160.477968       295.000000        6.323654       
2218.766117       299.000000        6.420622       
2277.822068       303.000000        6.517565       
2337.645238       307.000000        6.614480       
2398.235039       311.000000        6.711367       
2459.590872       315.000000        6.808225       
2521.712134       319.000000        6.905054       
2584.598213       323.000000        7.001852       
2648.248487       327.000000        7.098619       
2712.662332       331.000000        7.195354       
2777.839110       335.000000        7.292057       
2843.778182       339.000000        7.388726       
2910.478896       343.000000        7.485361       
2977.940596       347.000000        7.581961       
3046.162617       351.000000        7.678526       
3115.144287       355.000000        7.775054       
3184.884926       359.000000        7.871546       
3255.383847       363.000000        7.968000       
3326.640356       367.000000        8.064415       
3398.653750       371.000000        8.160792       
3471.423321       375.000000        8.257129       
3544.948351       379.000000        8.353426       
3619.228116       383.000000        8.449682       
3694.261884       387.000000        8.545896       
3770.048917       391.000000        8.642069       
3846.588467       395.000000        8.738199       
3923.879780       399.000000        8.834285       
4001.922095       403.000000        8.930328       
4080.714644       407.000000        9.026326       
4160.256650       411.000000        9.122279       
4240.547329       415.000000        9.218186       
4321.585891       419.000000        9.314047       
4403.371537       423.000000        9.409862       
4485.903462       427.000000        9.505629       
4569.180853       431.000000        9.601348       
4653.202889       435.000000        9.697018       
4737.968743       439.000000        9.792640       
4823.477580       443.000000        9.888211       
4909.728557       447.000000        9.983733       
4996.720825       451.000000        10.079204      
5084.453527       455.000000        10.174623      
5172.925798       459.000000        10.269991      
5262.136768       463.000000        10.365306      
5352.085558       467.000000        10.460569      
5442.771280       471.000000        10.555778      
5534.193043       475.000000        10.650933      
5626.349946       479.000000        10.746033      
5719.241081       483.000000        10.841079      
5812.865532       487.000000        10.936069      
5907.222378       491.000000        11.031003      
6002.310689       495.000000        11.125880      
6098.129529       499.000000        11.220700      
6194.677954       503.000000        11.315463      
6291.955012       507.000000        11.410168      
6389.959746       511.000000        11.504814      
6488.691190       515.000000        11.599400      
6588.148372       519.000000        11.693927      
6688.330312       523.000000        11.788394      
6789.236023       527.000000        11.882801      
6890.864511       531.000000        11.977146      
6993.214775       535.000000        12.071429      
7096.285808       539.000000        12.165651      
7200.076593       543.000000        12.259810      
7304.586109       547.000000        12.353905      
7409.813326       551.000000        12.447937      
7515.757207       555.000000        12.541905      
7622.416710       559.000000        12.635808      
7729.790782       563.000000        12.729646      
7837.878368       567.000000        12.823419      
7946.678401       571.000000        12.917125      
8056.189811       575.000000        13.010765      
8166.411519       579.000000        13.104338      
8277.342439       583.000000        13.197843      
8388.981478       587.000000        13.291280      
8501.327537       591.000000        13.384649      
8614.379509       595.000000        13.477949      
8728.136280       599.000000        13.571179      
8842.596731       603.000000        13.664340      
8957.759733       607.000000        13.757430      
9073.624152       611.000000        13.850449      
9190.188848       615.000000        13.943397      
9307.452671       619.000000        14.036272      
9425.414467       623.000000        14.129076      
9544.073074       627.000000        14.221807      
9663.427323       631.000000        14.314465      
9783.476039       635.000000        14.407049      
9904.218038       639.000000        14.499559      
10025.652132      643.000000        14.591994      
10147.777125      647.000000        14.684354      
10270.591814      651.000000        14.776639      
10394.094988      655.000000        14.868847      
10518.285432      659.000000        14.960979      
10643.161921      663.000000        15.053035      
10768.723227      667.000000        15.145012      
10894.968113      671.000000        15.236912      
11021.895334      675.000000        15.328734      
11149.503641      679.000000        15.420477      
11277.791776      683.000000        15.512140      
11406.758477      687.000000        15.603724      
11536.402472      691.000000        15.695228      
11666.722485      695.000000        15.786651      
11797.717233      699.000000        15.877993      
11929.385424      703.000000        15.969254      
12061.725762      707.000000        16.060432      
12194.736943      711.000000        16.151529      
12328.417658      715.000000        16.242542      
12462.766589      719.000000        16.333472      
12597.782413      723.000000        16.424319      
12733.463800      727.000000        16.515081      
12869.809415      731.000000        16.605758      
13006.817913      735.000000        16.696351      
13144.487945      739.000000        16.786858      
13282.818156      743.000000        16.877279      
13421.807182      747.000000        16.967613      
13561.453655      751.000000        17.057861      
13701.756199      755.000000        17.148021      
13842.713433      759.000000        17.238094      
13984.323967      763.000000        17.328079      
14126.586407      767.000000        17.417974      
14269.499352      771.000000        17.507781      
14413.061393      775.000000        17.597499      
14557.271118      779.000000        17.687126      
14702.127105      783.000000        17.776663      
14847.627928      787.000000        17.866109      
14993.772153      791.000000        17.955464      
15140.558342      795.000000        18.044727      
15287.985047      799.000000        18.133899      
15436.050817      803.000000        18.222977      
15584.754194      807.000000        18.311963      
15734.093713      811.000000        18.400855      
15884.067903      815.000000        18.489654      
16034.675286      819.000000        18.578358      
16185.914380      823.000000        18.666968      
16337.783694      827.000000        18.755482      
16490.281732      831.000000        18.843901      
16643.406993      835.000000        18.932224      
16797.157969      839.000000        19.020450      
16951.533144      843.000000        19.108580      
17106.530998      847.000000        19.196613      
17262.150005      851.000000        19.284548      
17418.388631      855.000000        19.372384      
17575.245339      859.000000        19.460123      
17732.718581      863.000000        19.547762      
17890.806809      867.000000        19.635302      
18049.508464      871.000000        19.722742      
18208.821983      875.000000        19.810082      
18368.745798      879.000000        19.897322      
18529.278332      883.000000        19.984460      
18690.418004      887.000000        20.071497      
18852.163229      891.000000        20.158432      
19014.512411      895.000000        20.245265      
19177.463952      899.000000        20.331995      
19341.016248      903.000000        20.418623      
19505.167686      907.000000        20.505146      
19669.916651      911.000000        20.591566      
19835.261519      915.000000        20.677881      
20001.200662      919.000000        20.764092      
20167.732445      923.000000        20.850198      
20334.855228      927.000000        20.936198      
20502.567365      931.000000        21.022092      
20670.867204      935.000000        21.107879      
20839.753087      939.000000        21.193560      
21009.223350      943.000000        21.279134      
21179.276325      947.000000        21.364600      
21349.910337      951.000000        21.449958      
21521.123704      955.000000        21.535208      
21692.914740      959.000000        21.620349      
21865.281754      963.000000        21.705381      
22038.223047      967.000000        21.790303      
22211.736915      971.000000        21.875115      
22385.821650      975.000000        21.959817      
22560.475538      979.000000        22.044408      
22735.696857      983.000000        22.128888      
22911.483882      987.000000        22.213256      
23087.834881      991.000000        22.297512      
23264.748118      995.000000        22.381656      
23442.221849      999.000000        22.465688      
23620.254327      1003.000000       22.549606      
23798.843798      1007.000000       22.633410      
23977.988502      1011.000000       22.717100      
24157.686676      1015.000000       22.800677      
24337.936550      1019.000000       22.884138      
24518.736347      1023.000000       22.967484      
24700.084288      1027.000000       23.050715      
24881.978585      1031.000000       23.133830      
25064.417448      1035.000000       23.216828      
25247.399078      1039.000000       23.299710      
25430.921675      1043.000000       23.382475      
25614.983429      1047.000000       23.465123      
25799.582529      1051.000000       23.547652      
25984.717156      1055.000000       23.630064      
26170.385486      1059.000000       23.712356      
26356.585690      1063.000000       23.794530      
26543.315935      1067.000000       23.876585      
26730.574381      1071.000000       23.958519      
26918.359184      1075.000000       24.040334      
27106.668493      1079.000000       24.122028      
27295.500455      1083.000000       24.203602      
27484.853210      1087.000000       24.285054      
27674.724891      1091.000000       24.366384      
27865.113629      1095.000000       24.447592      
28056.017549      1099.000000       24.528678      
28247.434770      1103.000000       24.609642      
28439.363407      1107.000000       24.690482      
28631.801570      1111.000000       24.771199      
28824.747362      1115.000000       24.851791      
29018.198883      1119.000000       24.932260      
29212.154228      1123.000000       25.012604      
29406.611487      1127.000000       25.092823      
29601.568744      1131.000000       25.172917      
29797.024078      1135.000000       25.252885      
29992.975565      1139.000000       25.332727      
30189.421274      1143.000000       25.412442      
30386.359271      1147.000000       25.492031      
30583.787616      1151.000000       25.571492      
30781.704363      1155.000000       25.650826      
30980.107564      1159.000000       25.730032      
31178.995264      1163.000000       25.809110      
31378.365504      1167.000000       25.888060      
31578.216321      1171.000000       25.966880      
31778.545746      1175.000000       26.045571      
31979.351806      1179.000000       26.124132      
32180.632522      1183.000000       26.202563      
32382.385913      1187.000000       26.280864      
32584.609990      1191.000000       26.359034      
32787.302763      1195.000000       26.437073      
32990.462234      1199.000000       26.514981      
33194.086403      1203.000000       26.592757      
33398.173264      1207.000000       26.670400      
33602.720806      1211.000000       26.747911      
33807.727015      1215.000000       26.825290      
34013.189872      1219.000000       26.902535      
34219.107352      1223.000000       26.979646      
34425.477428      1227.000000       27.056624      
34632.298067      1231.000000       27.133467      
34839.567231      1235.000000       27.210176      
35047.282879      1239.000000       27.286750      
35255.442965      1243.000000       27.363188      
35464.045439      1247.000000       27.439491      
35673.088246      1251.000000       27.515658      
35882.569327      1255.000000       27.591689      
36092.486618      1259.000000       27.667583      
36302.838053      1263.000000       27.743340      
36513.621558      1267.000000       27.818959      
36724.835058      1271.000000       27.894441      
36936.476472      1275.000000       27.969785      
37148.543717      1279.000000       28.044991      
37361.034701      1283.000000       28.120058      
37573.947334      1287.000000       28.194986      
37787.279518      1291.000000       28.269775      
38001.029151      1295.000000       28.344424      
38215.194128      1299.000000       28.418933      
38429.772339      1303.000000       28.493302      
38644.761671      1307.000000       28.567530      
38860.160007      1311.000000       28.641617      
39075.965224      1315.000000       28.715563      
39292.175197      1319.000000       28.789367      
39508.787796      1323.000000       28.863029      
39725.800889      1327.000000       28.936549      
39943.212336      1331.000000       29.009927      
40161.019997      1335.000000       29.083161      
40379.221726      1339.000000       29.156252      
40597.815375      1343.000000       29.229200      
40816.798789      1347.000000       29.302004      
41036.169812      1351.000000       29.374663      
41255.926284      1355.000000       29.447178      
41476.066039      1359.000000       29.519548      
41696.586909      1363.000000       29.591773      
41917.486723      1367.000000       29.663853      
42138.763303      1371.000000       29.735787      
42360.414472      1375.000000       29.807574      
42582.438045      1379.000000       29.879215      
42804.831836      1383.000000       29.950710      
43027.593653      1387.000000       30.022057      
43250.721304      1391.000000       30.093258      
43474.212590      1395.000000       30.164310      
43698.065309      1399.000000       30.235215      
43922.277257      1403.000000       30.305971      
44146.846226      1407.000000       30.376579      
44371.770003      1411.000000       30.447038      
44597.046373      1415.000000       30.517347      
44822.673116      1419.000000       30.587507      
45048.648012      1423.000000       30.657518      
45274.968833      1427.000000       30.727378      
45501.633350      1431.000000       30.797088      
45728.639332      1435.000000       30.866648      
45955.984541      1439.000000       30.936056      
46183.666739      1443.000000       31.005313      
46411.683683      1447.000000       31.074419      
46640.033126      1451.000000       31.143372      
46868.712821      1455.000000       31.212174      
47097.720514      1459.000000       31.280823      
47327.053949      1463.000000       31.349319      
47556.710868      1467.000000       31.417662      
47786.689009      1471.000000       31.485852      
48016.986106      1475.000000       31.553889      
48247.599891      1479.000000       31.621771      
48478.528092      1483.000000       31.689500      
48709.768435      1487.000000       31.757074      
48941.318642      1491.000000       31.824493      
49173.176433      1495.000000       31.891757      
49405.339523      1499.000000       31.958866      
49637.805626      1503.000000       32.025819      
49870.572452      1507.000000       32.092616      
50103.637708      1511.000000       32.159257      
50336.999099      1515.000000       32.225742      
50570.654326      1519.000000       32.292070      
50804.601088      1523.000000       32.358241      
51038.837079      1527.000000       32.424255      
51273.359994      1531.000000       32.490111      
51508.167522      1535.000000       32.555809      
51743.257350      1539.000000       32.621350      
51978.627163      1543.000000       32.686732      
52214.274641      1547.000000       32.751955      
52450.197465      1551.000000       32.817020      
52686.393311      1555.000000       32.881925      
52922.859851      1559.000000       32.946671      
53159.594756      1563.000000       33.011257      
53396.595696      1567.000000       33.075683      
53633.860334      1571.000000       33.139949      
53871.386336      1575.000000       33.204055      
54109.171359      1579.000000       33.268000      
54347.213064      1583.000000       33.331783      
54585.509104      1587.000000       33.395406      
54824.057133      1591.000000       33.458867      
55062.854802      1595.000000       33.522166      
55301.899757      1599.000000       33.585303      
55541.189644      1603.000000       33.648278      
55780.722107      1607.000000       33.711090      
56020.494786      1611.000000       33.773740      
56260.505319      1615.000000       33.836226      
56500.751342      1619.000000       33.898549      
56741.230489      1623.000000       33.960709      
56981.940391      1627.000000       34.022705      
57222.878677      1631.000000       34.084536      
57464.042975      1635.000000       34.146204      
57705.430907      1639.000000       34.207706      
57947.040098      1643.000000       34.269044      
58188.868166      1647.000000       34.330217      
58430.912731      1651.000000       34.391225      
58673.171407      1655.000000       34.452067      
58915.641810      1659.000000       34.512744      
59158.321549      1663.000000       34.573254      
59401.208236      1667.000000       34.633598      
59644.299477      1671.000000       34.693776      
59887.592878      1675.000000       34.753787      
60131.086044      1679.000000       34.813631      
60374.776574      1683.000000       34.873308      
60618.662070      1687.000000       34.932817      
60862.740129      1691.000000       34.992159      
61107.008346      1695.000000       35.051332      
61351.464316      1699.000000       35.110338      
61596.105631      1703.000000       35.169175      
61840.929880      1707.000000       35.227844      
62085.934654      1711.000000       35.286344      
62331.117538      1715.000000       35.344675      
62576.476117      1719.000000       35.402837      
62822.007975      1723.000000       35.460829      
63067.710693      1727.000000       35.518651      
63313.581851      1731.000000       35.576304      
63559.619027      1735.000000       35.633786      
63805.819798      1739.000000       35.691098      
64052.181739      1743.000000       35.748240      
64298.702422      1747.000000       35.805210      
64545.379421      1751.000000       35.862010      
64792.210304      1755.000000       35.918638      
65039.192642      1759.000000       35.975095      
65286.324000      1763.000000       36.031381      
65533.601946      1767.000000       36.087494      
65781.024043      1771.000000       36.143435      
66028.587854      1775.000000       36.199204      
66276.290940      1779.000000       36.254801      
66524.130863      1783.000000       36.310225      
66772.105180      1787.000000       36.365476      
67020.211449      1791.000000       36.420554      
67268.447226      1795.000000       36.475458      
67516.810067      1799.000000       36.530189      
67765.297525      1803.000000       36.584746      
68013.907151      1807.000000       36.639130      
68262.636499      1811.000000       36.693339      
68511.483117      1815.000000       36.747374      
68760.444554      1819.000000       36.801234      
69009.518358      1823.000000       36.854920      
69258.702077      1827.000000       36.908430      
69507.993255      1831.000000       36.961766      
69757.389436      1835.000000       37.014926      
70006.888166      1839.000000       37.067911      
70256.486985      1843.000000       37.120720      
70506.183435      1847.000000       37.173353      
70755.975057      1851.000000       37.225810      
71005.859391      1855.000000       37.278091      
71255.833975      1859.000000       37.330196      
71505.896347      1863.000000       37.382124      
71756.044043      1867.000000       37.433875      
72006.274601      1871.000000       37.485449      
72256.585554      1875.000000       37.536846      
72506.974438      1879.000000       37.588065      
72757.438787      1883.000000       37.639107      
73007.976133      1887.000000       37.689971      
73258.584008      1891.000000       37.740658      
73509.259944      1895.000000       37.791166      
73760.001472      1899.000000       37.841496      
74010.806123      1903.000000       37.891648      
74261.671425      1907.000000       37.941621      
74512.594907      1911.000000       37.991415      
74763.574099      1915.000000       38.041031      
75014.606528      1919.000000       38.090467      
75265.689722      1923.000000       38.139724      
75516.821207      1927.000000       38.188802      
75767.998509      1931.000000       38.237700      
76019.219155      1935.000000       38.286418      
76270.480670      1939.000000       38.334957      
76521.780579      1943.000000       38.383315      
76773.116407      1947.000000       38.431493      
77024.485679      1951.000000       38.479490      
77275.885918      1955.000000       38.527307      
77527.314647      1959.000000       38.574944      
77778.769392      1963.000000       38.622399      
78030.247674      1967.000000       38.669673      
78281.747017      1971.000000       38.716767      
78533.264943      1975.000000       38.763678      
78784.798975      1979.000000       38.810409      
79036.346636      1983.000000       38.856957      
79287.905447      1987.000000       38.903324      
79539.472932      1991.000000       38.949509      
79791.046611      1995.000000       38.995512      
80042.624007      1999.000000       39.041333      
80294.202643      2003.000000       39.086971      
80545.780039      2007.000000       39.132427      
80797.353718      2011.000000       39.177700      
81048.921203      2015.000000       39.222790      
81300.480014      2019.000000       39.267697      
81552.027675      2023.000000       39.312421      
81803.561707      2027.000000       39.356962      
82055.079633      2031.000000       39.401319      
82306.578976      2035.000000       39.445493      
82558.057258      2039.000000       39.489484      
82809.512003      2043.000000       39.533290      
83060.940732      2047.000000       39.576913      
83312.340971      2051.000000       39.620352      
83563.710243      2055.000000       39.663606      
83815.046071      2059.000000       39.706676      
84066.345980      2063.000000       39.749562      
84317.607495      2067.000000       39.792263      
84568.828141      2071.000000       39.834779      
84820.005443      2075.000000       39.877111      
85071.136928      2079.000000       39.919258      
85322.220122      2083.000000       39.961219      
85573.252551      2087.000000       40.002996      
85824.231743      2091.000000       40.044587      
86075.155225      2095.000000       40.085993      
86326.020527      2099.000000       40.127213      
86576.825178      2103.000000       40.168248      
86827.566706      2107.000000       40.209097      
87078.242642      2111.000000       40.249760      
87328.850517      2115.000000       40.290237      
87579.387863      2119.000000       40.330528      
87829.852212      2123.000000       40.370632      
88080.241096      2127.000000       40.410551      
88330.552049      2131.000000       40.450283      
88580.782607      2135.000000       40.489828      
88830.930303      2139.000000       40.529187      
89080.992675      2143.000000       40.568359      
89330.967259      2147.000000       40.607344      
89580.851592      2151.000000       40.646142      
89830.643215      2155.000000       40.684753      
90080.339665      2159.000000       40.723177      
90329.938484      2163.000000       40.761414      
90579.437213      2167.000000       40.799463      
90828.833395      2171.000000       40.837325      
91078.124573      2175.000000       40.875000      
91327.308291      2179.000000       40.912487      
91576.382096      2183.000000       40.949786      
91825.343533      2187.000000       40.986897      
92074.190151      2191.000000       41.023820      
92322.919498      2195.000000       41.060556      
92571.529125      2199.000000       41.097103      
92820.016582      2203.000000       41.133462      
93068.379423      2207.000000       41.169633      
93316.615201      2211.000000       41.205615      
93564.721470      2215.000000       41.241409      
93812.695787      2219.000000       41.277015      
94060.535709      2223.000000       41.312432      
94308.238796      2227.000000       41.347660      
94555.802607      2231.000000       41.382700      
94803.224703      2235.000000       41.417550      
95050.502649      2239.000000       41.452212      
95297.634007      2243.000000       41.486685      
95544.616345      2247.000000       41.520969      
95791.447228      2251.000000       41.555063      
96038.124227      2255.000000       41.588969      
96284.644910      2259.000000       41.622685      
96531.006851      2263.000000       41.656212      
96777.207622      2267.000000       41.689549      
97023.244798      2271.000000       41.722697      
97269.115956      2275.000000       41.755655      
97514.818674      2279.000000       41.788424      
97760.350532      2283.000000       41.821003      
98005.709111      2287.000000       41.853393      
98250.891995      2291.000000       41.885592      
98495.896768      2295.000000       41.917602      
98740.721018      2299.000000       41.949422      
98985.362333      2303.000000       41.981052      
99229.818303      2307.000000       42.012492      
99474.086520      2311.000000       42.043741      
99718.164578      2315.000000       42.074801      
99962.050074      2319.000000       42.105671      
100205.740605     2323.000000       42.136350      
100449.233770     2327.000000       42.166839      
100692.527171     2331.000000       42.197137      
100935.618413     2335.000000       42.227246      
101178.505099     2339.000000       42.257163      
101421.184839     2343.000000       42.286891      
101663.655241     2347.000000       42.316427      
101905.913917     2351.000000       42.345774      
102147.958482     2355.000000       42.374929      
102389.786550     2359.000000       42.403894      
102631.395741     2363.000000       42.432669      
102872.783673     2367.000000       42.461252      
103113.947970     2371.000000       42.489645      
103354.886257     2375.000000       42.517847      
103595.596159     2379.000000       42.545858      
103836.075306     2383.000000       42.573678      
104076.321329     2387.000000       42.601308      
104316.331862     2391.000000       42.628746      
104556.104541     2395.000000       42.655994      
104795.637003     2399.000000       42.683050      
105034.926891     2403.000000       42.709915      
105273.971846     2407.000000       42.736590      
105512.769514     2411.000000       42.763073      
105751.317543     2415.000000       42.789365      
105989.613583     2419.000000       42.815467      
106227.655288     2423.000000       42.841377      
106465.440311     2427.000000       42.867095      
106702.966313     2431.000000       42.892623      
106940.230951     2435.000000       42.917959      
107177.231891     2439.000000       42.943105      
107413.966796     2443.000000       42.968058      
107650.433336     2447.000000       42.992821      
107886.629181     2451.000000       43.017393      
108122.552005     2455.000000       43.041773      
108358.199484     2459.000000       43.065962      
108593.569296     2463.000000       43.089959      
108828.659124     2467.000000       43.113765      
109063.466652     2471.000000       43.137380      
109297.989567     2475.000000       43.160804      
109532.225559     2479.000000       43.184036      
109766.172320     2483.000000       43.207077      
109999.827547     2487.000000       43.229927      
110233.188938     2491.000000       43.252585      
110466.254194     2495.000000       43.275052      
110699.021020     2499.000000       43.297327      
110931.487123     2503.000000       43.319412      
111163.650213     2507.000000       43.341304      
111395.508003     2511.000000       43.363006      
111627.058210     2515.000000       43.384516      
111858.298553     2519.000000       43.405835      
112089.226755     2523.000000       43.426963      
112319.840539     2527.000000       43.447899      
112550.137636     2531.000000       43.468644      
112780.115777     2535.000000       43.489198      
113009.772696     2539.000000       43.509560      
113239.106131     2543.000000       43.529731      
113468.113824     2547.000000       43.549711      
113696.793518     2551.000000       43.569500      
113925.142962     2555.000000       43.589097      
114153.159906     2559.000000       43.608503      
114380.842103     2563.000000       43.627718      
114608.187313     2567.000000       43.646742      
114835.193294     2571.000000       43.665575      
115061.857811     2575.000000       43.684217      
115288.178632     2579.000000       43.702667      
115514.153528     2583.000000       43.720927      
115739.780271     2587.000000       43.738995      
115965.056641     2591.000000       43.756872      
116189.980418     2595.000000       43.774559      
116414.549386     2599.000000       43.792054      
116638.761335     2603.000000       43.809359      
116862.614054     2607.000000       43.826473      
117086.105339     2611.000000       43.843395      
117309.232990     2615.000000       43.860127      
117531.994808     2619.000000       43.876669      
117754.388598     2623.000000       43.893019      
117976.412171     2627.000000       43.909179      
118198.063339     2631.000000       43.925148      
118419.339920     2635.000000       43.940926      
118640.239733     2639.000000       43.956514      
118860.760604     2643.000000       43.971911      
119080.900359     2647.000000       43.987118      
119300.656830     2651.000000       44.002134      
119520.027853     2655.000000       44.016960      
119739.011267     2659.000000       44.031595      
119957.604916     2663.000000       44.046040      
120175.806645     2667.000000       44.060295      
120393.614306     2671.000000       44.074360      
120611.025753     2675.000000       44.088234      
120828.038845     2679.000000       44.101918      
121044.651444     2683.000000       44.115412      
121260.861417     2687.000000       44.128717      
121476.666634     2691.000000       44.141831      
121692.064970     2695.000000       44.154755      
121907.054302     2699.000000       44.167490      
122121.632513     2703.000000       44.180034      
122335.797490     2707.000000       44.192389      
122549.547123     2711.000000       44.204554      
122762.879306     2715.000000       44.216530      
122975.791939     2719.000000       44.228316      
123188.282923     2723.000000       44.239913      
123400.350167     2727.000000       44.251320      
123611.991582     2731.000000       44.262538      
123823.205082     2735.000000       44.273567      
124033.988587     2739.000000       44.284406      
124244.340021     2743.000000       44.295057      
124454.257312     2747.000000       44.305518      
124663.738393     2751.000000       44.315790      
124872.781200     2755.000000       44.325873      
125081.383673     2759.000000       44.335768      
125289.543760     2763.000000       44.345474      
125497.259408     2767.000000       44.354991      
125704.528572     2771.000000       44.364319      
125911.349210     2775.000000       44.373459      
126117.719286     2779.000000       44.382411      
126323.636766     2783.000000       44.391174      
126529.099622     2787.000000       44.399749      
126734.105831     2791.000000       44.408135      
126938.653373     2795.000000       44.416334      
127142.740234     2799.000000       44.424344      
127346.364402     2803.000000       44.432167      
127549.523874     2807.000000       44.439802      
127752.216646     2811.000000       44.447249      
127954.440724     2815.000000       44.454508      
128156.194114     2819.000000       44.461580      
128357.474830     2823.000000       44.468464      
128558.280890     2827.000000       44.475161      
128758.610314     2831.000000       44.481671      
128958.461131     2835.000000       44.487993      
129157.831371     2839.000000       44.494129      
129356.719071     2843.000000       44.500077      
129555.122272     2847.000000       44.505839      
129753.039019     2851.000000       44.511413      
129950.467363     2855.000000       44.516801      
130147.405360     2859.000000       44.522003      
130343.851069     2863.000000       44.527017      
130539.802556     2867.000000       44.531846      
130735.257890     2871.000000       44.536488      
130930.215146     2875.000000       44.540944      
131124.672405     2879.000000       44.545214      
131318.627750     2883.000000       44.549299      
131512.079271     2887.000000       44.553197      
131705.025063     2891.000000       44.556909      
131897.463225     2895.000000       44.560436      
132089.391862     2899.000000       44.563778      
132280.809083     2903.000000       44.566934      
132471.713002     2907.000000       44.569905      
132662.101740     2911.000000       44.572690      
132851.973421     2915.000000       44.575291      
133041.326175     2919.000000       44.577707      
133230.158137     2923.000000       44.579938      
133418.467447     2927.000000       44.581984      
133606.252249     2931.000000       44.583846      
133793.510695     2935.000000       44.585523      
133980.240940     2939.000000       44.587016      
134166.441144     2943.000000       44.588325      
134352.109473     2947.000000       44.589450      
134537.244100     2951.000000       44.590391      
134721.843199     2955.000000       44.591148      
134905.904954     2959.000000       44.591722      
135089.427550     2963.000000       44.592112      
135272.409180     2967.000000       44.592319      
135454.848042     2971.000000       44.592342      
135636.742339     2975.000000       44.592182      
135818.090280     2979.000000       44.591840      
135998.890077     2983.000000       44.591314      
136179.139950     2987.000000       44.590606      
136358.838124     2991.000000       44.589715      
136537.982828     2995.000000       44.588642      
136716.572299     2999.000000       44.587387      
136894.604776     3003.000000       44.585949      
137072.078507     3007.000000       44.584329      
137248.991743     3011.000000       44.582528      
137425.342742     3015.000000       44.580545      
137601.129767     3019.000000       44.578380      
137776.351086     3023.000000       44.576034      
137951.004973     3027.000000       44.573507      
138125.089708     3031.000000       44.570798      
138298.603576     3035.000000       44.567909      
138471.544868     3039.000000       44.564839      
138643.911881     3043.000000       44.561588      
138815.702917     3047.000000       44.558157      
138986.916284     3051.000000       44.554545      
139157.550295     3055.000000       44.550753      
139327.603270     3059.000000       44.546781      
139497.073533     3063.000000       44.542629      
139665.959416     3067.000000       44.538298      
139834.259254     3071.000000       44.533787      
140001.971391     3075.000000       44.529096      
140169.094174     3079.000000       44.524227      
140335.625956     3083.000000       44.519178      
140501.565099     3087.000000       44.513950      
140666.909966     3091.000000       44.508544      
140831.658931     3095.000000       44.502959      
140995.810369     3099.000000       44.497196      
141159.362664     3103.000000       44.491254      
141322.314205     3107.000000       44.485135      
141484.663386     3111.000000       44.478837      
141646.408610     3115.000000       44.472362      
141807.548282     3119.000000       44.465710      
141968.080816     3123.000000       44.458880      
142128.004630     3127.000000       44.451872      
142287.318149     3131.000000       44.444688      
142446.019803     3135.000000       44.437327      
142604.108030     3139.000000       44.429789      
142761.581273     3143.000000       44.422075      
142918.437979     3147.000000       44.414184      
143074.676605     3151.000000       44.406118      
143230.295612     3155.000000       44.397875      
143385.293465     3159.000000       44.389457      
143539.668640     3163.000000       44.380863      
143693.419615     3167.000000       44.372093      
143846.544875     3171.000000       44.363149      
143999.042913     3175.000000       44.354029      
144150.912227     3179.000000       44.344735      
144302.151320     3183.000000       44.335266      
144452.758702     3187.000000       44.325622      
144602.732892     3191.000000       44.315805      
144752.072410     3195.000000       44.305813      
144900.775786     3199.000000       44.295647      
145048.841556     3203.000000       44.285308      
145196.268261     3207.000000       44.274795      
145343.054448     3211.000000       44.264109      
145489.198673     3215.000000       44.253250      
145634.699495     3219.000000       44.242218      
145779.555482     3223.000000       44.231013      
145923.765206     3227.000000       44.219636      
146067.327247     3231.000000       44.208086      
146210.240191     3235.000000       44.196365      
146352.502630     3239.000000       44.184471      
146494.113164     3243.000000       44.172406      
146635.070396     3247.000000       44.160170      
146775.372940     3251.000000       44.147762      
146915.019412     3255.000000       44.135183      
147054.008438     3259.000000       44.122433      
147192.338647     3263.000000       44.109512      
147330.008679     3267.000000       44.096421      
147467.017176     3271.000000       44.083160      
147603.362790     3275.000000       44.069729      
147739.044176     3279.000000       44.056128      
147874.060000     3283.000000       44.042358      
148008.408930     3287.000000       44.028418      
148142.089644     3291.000000       44.014309      
148275.100824     3295.000000       44.000031      
148407.441161     3299.000000       43.985584      
148539.109351     3303.000000       43.970969      
148670.104098     3307.000000       43.956185      
148800.424110     3311.000000       43.941233      
148930.068104     3315.000000       43.926114      
149059.034804     3319.000000       43.910827      
149187.322938     3323.000000       43.895373      
149314.931244     3327.000000       43.879751      
149441.858464     3331.000000       43.863962      
149568.103349     3335.000000       43.848007      
149693.664653     3339.000000       43.831885      
149818.541142     3343.000000       43.815597      
149942.731585     3347.000000       43.799143      
150066.234758     3351.000000       43.782523      
150189.049445     3355.000000       43.765738      
150311.174437     3359.000000       43.748787      
150432.608530     3363.000000       43.731671      
150553.350528     3367.000000       43.714390      
150673.399242     3371.000000       43.696944      
150792.753490     3375.000000       43.679334      
150911.412096     3379.000000       43.661560      
151029.373890     3383.000000       43.643622      
151146.637712     3387.000000       43.625520      
151263.202406     3391.000000       43.607255      
151379.066824     3395.000000       43.588827      
151494.229825     3399.000000       43.570235      
151608.690274     3403.000000       43.551481      
151722.447044     3407.000000       43.532564      
151835.499015     3411.000000       43.513485      
151947.845072     3415.000000       43.494245      
152059.484109     3419.000000       43.474842      
152170.415028     3423.000000       43.455278      
152280.636734     3427.000000       43.435552      
152390.148142     3431.000000       43.415665      
152498.948174     3435.000000       43.395618      
152607.035758     3439.000000       43.375410      
152714.409829     3443.000000       43.355042      
152821.069329     3447.000000       43.334514      
152927.013209     3451.000000       43.313826      
153032.240424     3455.000000       43.292978      
153136.749937     3459.000000       43.271972      
153240.540721     3463.000000       43.250806      
153343.611751     3467.000000       43.229481      
153445.962014     3471.000000       43.207998      
153547.590500     3475.000000       43.186357      
153648.496208     3479.000000       43.164558      
153748.678146     3483.000000       43.142601      
153848.135325     3487.000000       43.120486      
153946.866767     3491.000000       43.098214      
154044.871499     3495.000000       43.075786      
154142.148555     3499.000000       43.053201      
154238.696977     3503.000000       43.030459      
154334.515814     3507.000000       43.007561      
154429.604123     3511.000000       42.984507      
154523.960966     3515.000000       42.961298      
154617.585415     3519.000000       42.937933      
154710.476546     3523.000000       42.914413      
154802.633446     3527.000000       42.890738      
154894.055206     3531.000000       42.866909      
154984.740926     3535.000000       42.842925      
155074.689712     3539.000000       42.818788      
155163.900679     3543.000000       42.794496      
155252.372947     3547.000000       42.770052      
155340.105646     3551.000000       42.745454      
155427.097910     3555.000000       42.720703      
155513.348884     3559.000000       42.695799      
155598.857717     3563.000000       42.670743      
155683.623567     3567.000000       42.645535      
155767.645599     3571.000000       42.620175      
155850.922986     3575.000000       42.594664      
155933.454907     3579.000000       42.569001      
156015.240549     3583.000000       42.543187      
156096.279107     3587.000000       42.517223      
156176.569782     3591.000000       42.491108      
156256.111783     3595.000000       42.464843      
156334.904327     3599.000000       42.438429      
156412.946638     3603.000000       42.411864      
156490.237946     3607.000000       42.385151      
156566.777491     3611.000000       42.358288      
156642.564518     3615.000000       42.331276      
156717.598280     3619.000000       42.304117      
156791.878040     3623.000000       42.276809      
156865.403064     3627.000000       42.249353      
156938.172629     3631.000000       42.221750      
157010.186017     3635.000000       42.193999      
157081.442520     3639.000000       42.166101      
157151.941434     3643.000000       42.138057      
157221.682067     3647.000000       42.109866      
157290.663730     3651.000000       42.081529      
157358.885743     3655.000000       42.053047      
157426.347436     3659.000000       42.024419      
157493.048142     3663.000000       41.995645      
157558.987206     3667.000000       41.966727      
157624.163976     3671.000000       41.937664      
157688.577812     3675.000000       41.908457      
157752.228078     3679.000000       41.879105      
157815.114147     3683.000000       41.849610      
157877.235399     3687.000000       41.819972      
157938.591223     3691.000000       41.790190      
157999.181013     3695.000000       41.760265      
158059.004173     3699.000000       41.730198      
158118.060113     3703.000000       41.699989      
158176.348250     3707.000000       41.669638      
158233.868011     3711.000000       41.639145      
158290.618828     3715.000000       41.608511      
158346.600143     3719.000000       41.577736      
158401.811402     3723.000000       41.546820      
158456.252062     3727.000000       41.515764      
158509.921586     3731.000000       41.484568      
158562.819445     3735.000000       41.453231      
158614.945117     3739.000000       41.421756      
158666.298088     3743.000000       41.390141      
158716.877851     3747.000000       41.358387      
158766.683908     3751.000000       41.326495      
158815.715767     3755.000000       41.294465      
158863.972944     3759.000000       41.262297      
158911.454963     3763.000000       41.229991      
158958.161356     3767.000000       41.197547      
159004.091660     3771.000000       41.164967      
159049.245422     3775.000000       41.132250      
159093.622196     3779.000000       41.099397      
159137.221544     3783.000000       41.066408      
159180.043034     3787.000000       41.033283      
159222.086243     3791.000000       41.000023      
159263.350754     3795.000000       40.966627      
159303.836160     3799.000000       40.933097      
159343.542058     3803.000000       40.899433      
159382.468056     3807.000000       40.865634      
159420.613766     3811.000000       40.831701      
159457.978811     3815.000000       40.797635      
159494.562817     3819.000000       40.763436      
159530.365422     3823.000000       40.729104      
159565.386267     3827.000000       40.694640      
159599.625003     3831.000000       40.660043      
159633.081288     3835.000000       40.625315      
159665.754785     3839.000000       40.590454      
159697.645166     3843.000000       40.555463      
159728.752108     3847.000000       40.520341      
159759.075297     3851.000000       40.485088      
159788.614423     3855.000000       40.449705      
159817.369184     3859.000000       40.414193      
159845.339284     3863.000000       40.378550      
159872.524432     3867.000000       40.342778      
159898.924343     3871.000000       40.306878      
159924.538736     3875.000000       40.270849      
159949.367336     3879.000000       40.234691      
159973.409871     3883.000000       40.198406      
159996.666073     3887.000000       40.161993      
160019.135673     3891.000000       40.125452      
160040.818407     3895.000000       40.088785      
160061.714008     3899.000000       40.051991      
160081.822204     3903.000000       40.015071      
160101.142722     3907.000000       39.978025      
160119.675276     3911.000000       39.940853      
160137.419569     3915.000000       39.903555      
160154.375283     3919.000000       39.866133      
160170.542072     3923.000000       39.828586      
160185.919553     3927.000000       39.790914      
160200.507285     3931.000000       39.753118      
160214.304755     3935.000000       39.715198      
160227.311341     3939.000000       39.677154      
160239.526266     3943.000000       39.638987      
160250.948537     3947.000000       39.600696      
160261.576831     3951.000000       39.562282      
160271.409340     3955.000000       39.523744      
160280.443494     3959.000000       39.485083      
160288.675505     3963.000000       39.446297      
160296.099540     3967.000000       39.407386      
160302.706126     3971.000000       39.368347      
160308.478770     3975.000000       39.329177      
160313.385631     3979.000000       39.289868      
160317.358466     3983.000000       39.250404      
160320.456834     3987.000000       39.210799      
160323.763794     3991.000000       39.171326      
160328.361046     3995.000000       39.132256      
160334.980105     3999.000000       39.093768      
