2.999969          3.000000          0.000010       
6.999847          7.000000          0.000022       
10.999818         11.000000         0.000017       
15.005150         15.000000         0.000343       
19.071969         19.000000         0.003788       
23.424258         23.000000         0.018446       
28.390618         27.000000         0.051504       
34.151755         31.000000         0.101670       
40.741426         35.000000         0.164041       
48.152062         39.000000         0.234668       
56.373353         43.000000         0.311008       
65.397860         47.000000         0.391444       
75.220567         51.000000         0.474913       
85.838020         55.000000         0.560691       
97.247737         59.000000         0.648267       
109.447844        63.000000         0.737267       
122.436852        67.000000         0.827416       
136.213519        71.000000         0.918500       
150.776765        75.000000         1.010357       
166.125612        79.000000         1.102856       
182.259148        83.000000         1.195893       
199.176499        87.000000         1.289385       
216.876813        91.000000         1.383262       
235.359244        95.000000         1.477466       
254.622948        99.000000         1.571949       
274.667070        103.000000        1.666671       
295.490743        107.000000        1.761596       
317.093083        111.000000        1.856694       
339.473189        115.000000        1.951941       
362.630134        119.000000        2.047312       
386.562971        123.000000        2.142788       
411.270727        127.000000        2.238352       
436.752404        131.000000        2.333988       
463.006975        135.000000        2.429681       
490.033390        139.000000        2.525420       
517.830568        143.000000        2.621193       
546.397402        147.000000        2.716989       
575.732755        151.000000        2.812800       
605.835463        155.000000        2.908616       
636.704333        159.000000        3.004430       
668.338141        163.000000        3.100234       
700.735636        167.000000        3.196022       
733.895538        171.000000        3.291787       
767.816536        175.000000        3.387523       
802.497293        179.000000        3.483225       
837.936438        183.000000        3.578888       
874.132575        187.000000        3.674506       
911.084277        191.000000        3.770075       
948.790086        195.000000        3.865590       
987.248518        199.000000        3.961048       
1026.458057       203.000000        4.056444       
1066.417159       207.000000        4.151774       
1107.124251       211.000000        4.247034       
1148.577729       215.000000        4.342222       
1190.775962       219.000000        4.437333       
1233.717289       223.000000        4.532365       
1277.400020       227.000000        4.627313       
1321.822436       231.000000        4.722175       
1366.982788       235.000000        4.816948       
1412.879300       239.000000        4.911629       
1459.510166       243.000000        5.006215       
1506.873552       247.000000        5.100703       
1554.967593       251.000000        5.195090       
1603.790399       255.000000        5.289374       
1653.340048       259.000000        5.383552       
1703.614591       263.000000        5.477622       
1754.612052       267.000000        5.571581       
1806.330423       271.000000        5.665426       
1858.767671       275.000000        5.759155       
1911.921734       279.000000        5.852766       
1965.790521       283.000000        5.946256       
2020.371912       287.000000        6.039623       
2075.663762       291.000000        6.132865       
2131.663897       295.000000        6.225979       
2188.370112       299.000000        6.318964       
2245.780180       303.000000        6.411816       
2303.891841       307.000000        6.504534       
2362.702811       311.000000        6.597115       
2422.210776       315.000000        6.689558       
2482.413397       319.000000        6.781860       
2543.308306       323.000000        6.874020       
2604.893108       327.000000        6.966034       
2667.165381       331.000000        7.057901       
2730.122678       335.000000        7.149620       
2793.762521       339.000000        7.241187       
2858.082409       343.000000        7.332602       
2923.079812       347.000000        7.423861       
2988.752174       351.000000        7.514963       
3055.096912       355.000000        7.605907       
3122.111419       359.000000        7.696689       
3189.793058       363.000000        7.787309       
3258.139169       367.000000        7.877763       
3327.147063       371.000000        7.968051       
3396.814027       375.000000        8.058171       
3467.137321       379.000000        8.148120       
3538.114181       383.000000        8.237896       
3609.741815       387.000000        8.327498       
3682.017407       391.000000        8.416924       
3754.938115       395.000000        8.506172       
3828.501071       399.000000        8.595241       
3902.703383       403.000000        8.684128       
3977.542133       407.000000        8.772831       
4053.014377       411.000000        8.861349       
4129.117150       415.000000        8.949680       
4205.847457       419.000000        9.037822       
4283.202281       423.000000        9.125774       
4361.178582       427.000000        9.213533       
4439.773293       431.000000        9.301098       
4518.983323       435.000000        9.388467       
4598.805557       439.000000        9.475639       
4679.236858       443.000000        9.562611       
4760.274062       447.000000        9.649383       
4841.913983       451.000000        9.735951       
4924.153410       455.000000        9.822315       
5006.989111       459.000000        9.908473       
5090.417827       463.000000        9.994423       
5174.436278       467.000000        10.080163      
5259.041160       471.000000        10.165692      
5344.229147       475.000000        10.251009      
5429.996889       479.000000        10.336110      
5516.341013       483.000000        10.420996      
5603.258125       487.000000        10.505664      
5690.744806       491.000000        10.590112      
5778.797616       495.000000        10.674339      
5867.413094       499.000000        10.758343      
5956.587755       503.000000        10.842123      
6046.318091       507.000000        10.925677      
6136.600576       511.000000        11.009003      
6227.431658       515.000000        11.092100      
6318.807767       519.000000        11.174967      
6410.725309       523.000000        11.257601      
6503.180671       527.000000        11.340001      
6596.170215       531.000000        11.422166      
6689.690287       535.000000        11.504094      
6783.737209       539.000000        11.585783      
6878.307283       543.000000        11.667233      
6973.396789       547.000000        11.748440      
7069.001990       551.000000        11.829405      
7165.119126       555.000000        11.910125      
7261.744418       559.000000        11.990598      
7358.874065       563.000000        12.070824      
7456.504249       567.000000        12.150801      
7554.631131       571.000000        12.230527      
7653.250853       575.000000        12.310001      
7752.359536       579.000000        12.389222      
7851.953284       583.000000        12.468187      
7952.028180       587.000000        12.546896      
8052.580290       591.000000        12.625347      
8153.605659       595.000000        12.703539      
8255.100316       599.000000        12.781470      
8357.060269       603.000000        12.859138      
8459.481509       607.000000        12.936543      
8562.360009       611.000000        13.013683      
8665.691723       615.000000        13.090556      
8769.472589       619.000000        13.167161      
8873.698526       623.000000        13.243497      
8978.365435       627.000000        13.319562      
9083.469201       631.000000        13.395355      
9189.005691       635.000000        13.470875      
9294.970755       639.000000        13.546120      
9401.360227       643.000000        13.621089      
9508.169924       647.000000        13.695780      
9615.395644       651.000000        13.770193      
9723.033173       655.000000        13.844325      
9831.078278       659.000000        13.918176      
9939.526711       663.000000        13.991745      
10048.374206      667.000000        14.065029      
10157.616484      671.000000        14.138028      
10267.249251      675.000000        14.210740      
10377.268193      679.000000        14.283164      
10487.668987      683.000000        14.355299      
10598.447290      687.000000        14.427143      
10709.598747      691.000000        14.498696      
10821.118987      695.000000        14.569955      
10933.003626      699.000000        14.640921      
11045.248263      703.000000        14.711591      
11157.848485      707.000000        14.781964      
11270.799865      711.000000        14.852039      
11384.097960      715.000000        14.921815      
11497.738318      719.000000        14.991291      
11611.716468      723.000000        15.060465      
11726.027929      727.000000        15.129337      
11840.668206      731.000000        15.197905      
11955.632792      735.000000        15.266167      
12070.917166      739.000000        15.334123      
12186.516795      743.000000        15.401772      
12302.427133      747.000000        15.469113      
12418.643623      751.000000        15.536143      
12535.161695      755.000000        15.602863      
12651.976768      759.000000        15.669271      
12769.084247      763.000000        15.735366      
12886.479529      767.000000        15.801147      
13004.157998      771.000000        15.866612      
13122.115025      775.000000        15.931761      
13240.345973      779.000000        15.996593      
13358.846193      783.000000        16.061106      
13477.611026      787.000000        16.125300      
13596.635801      791.000000        16.189173      
13715.915838      795.000000        16.252724      
13835.446448      799.000000        16.315953      
13955.222929      803.000000        16.378858      
14075.240573      807.000000        16.441438      
14195.494660      811.000000        16.503693      
14315.980462      815.000000        16.565620      
14436.693241      819.000000        16.627220      
14557.628250      823.000000        16.688491      
14678.780735      827.000000        16.749433      
14800.145931      831.000000        16.810043      
14921.719066      835.000000        16.870322      
15043.495360      839.000000        16.930269      
15165.470025      843.000000        16.989881      
15287.638264      847.000000        17.049160      
15409.995274      851.000000        17.108103      
15532.536243      855.000000        17.166709      
15655.256353      859.000000        17.224978      
15778.150779      863.000000        17.282909      
15901.214688      867.000000        17.340501      
16024.443241      871.000000        17.397753      
16147.831593      875.000000        17.454665      
16271.374892      879.000000        17.511234      
16395.068281      883.000000        17.567461      
16518.906895      887.000000        17.623345      
16642.885865      891.000000        17.678884      
16767.000316      895.000000        17.734079      
16891.245368      899.000000        17.788927      
17015.616135      903.000000        17.843429      
17140.107727      907.000000        17.897583      
17264.715250      911.000000        17.951389      
17389.433802      915.000000        18.004846      
17514.258481      919.000000        18.057953      
17639.184378      923.000000        18.110709      
17764.206580      927.000000        18.163114      
17889.320172      931.000000        18.215167      
18014.520235      935.000000        18.266867      
18139.801845      939.000000        18.318213      
18265.160076      943.000000        18.369205      
18390.589999      947.000000        18.419842      
18516.086681      951.000000        18.470123      
18641.645189      955.000000        18.520047      
18767.260585      959.000000        18.569615      
18892.927930      963.000000        18.618824      
19018.642283      967.000000        18.667676      
19144.398700      971.000000        18.716168      
19270.192236      975.000000        18.764300      
19396.017945      979.000000        18.812071      
19521.870880      983.000000        18.859482      
19647.746092      987.000000        18.906531      
19773.638631      991.000000        18.953218      
19899.543548      995.000000        18.999541      
20025.455891      999.000000        19.045501      
20151.370710      1003.000000       19.091097      
20277.283053      1007.000000       19.136329      
20403.187969      1011.000000       19.181195      
20529.080508      1015.000000       19.225695      
20654.955720      1019.000000       19.269829      
20780.808655      1023.000000       19.313596      
20906.634365      1027.000000       19.356995      
21032.427901      1031.000000       19.400027      
21158.184317      1035.000000       19.442690      
21283.898670      1039.000000       19.484984      
21409.566015      1043.000000       19.526909      
21535.181411      1047.000000       19.568464      
21660.739919      1051.000000       19.609648      
21786.236601      1055.000000       19.650461      
21911.666524      1059.000000       19.690903      
22037.024755      1063.000000       19.730973      
22162.306364      1067.000000       19.770671      
22287.506427      1071.000000       19.809997      
22412.620019      1075.000000       19.848949      
22537.642221      1079.000000       19.887528      
22662.568118      1083.000000       19.925732      
22787.392796      1087.000000       19.963563      
22912.111349      1091.000000       20.001019      
23036.718871      1095.000000       20.038099      
23161.210463      1099.000000       20.074805      
23285.581230      1103.000000       20.111134      
23409.826282      1107.000000       20.147088      
23533.940733      1111.000000       20.182665      
23657.919703      1115.000000       20.217865      
23781.758316      1119.000000       20.252688      
23905.451704      1123.000000       20.287134      
24028.995003      1127.000000       20.321202      
24152.383355      1131.000000       20.354892      
24275.611908      1135.000000       20.388204      
24398.675817      1139.000000       20.421138      
24521.570242      1143.000000       20.453692      
24644.290352      1147.000000       20.485868      
24766.831321      1151.000000       20.517664      
24889.188330      1155.000000       20.549081      
25011.356569      1159.000000       20.580118      
25133.331234      1163.000000       20.610775      
25255.107527      1167.000000       20.641052      
25376.680662      1171.000000       20.670948      
25498.045858      1175.000000       20.700465      
25619.198342      1179.000000       20.729600      
25740.133351      1183.000000       20.758354      
25860.846130      1187.000000       20.786728      
25981.331931      1191.000000       20.814720      
26101.586018      1195.000000       20.842331      
26221.603661      1199.000000       20.869561      
26341.380142      1203.000000       20.896409      
26460.910751      1207.000000       20.922876      
26580.190788      1211.000000       20.948960      
26699.215563      1215.000000       20.974663      
26817.980395      1219.000000       20.999984      
26936.480614      1223.000000       21.024923      
27054.711562      1227.000000       21.049480      
27172.668589      1231.000000       21.073654      
27290.347057      1235.000000       21.097447      
27407.742338      1239.000000       21.120857      
27524.849817      1243.000000       21.143886      
27641.664889      1247.000000       21.166532      
27758.182960      1251.000000       21.188795      
27874.399450      1255.000000       21.210677      
27990.309787      1259.000000       21.232176      
28105.909416      1263.000000       21.253293      
28221.193789      1267.000000       21.274028      
28336.158374      1271.000000       21.294381      
28450.798651      1275.000000       21.314352      
28565.110111      1279.000000       21.333941      
28679.088261      1283.000000       21.353148      
28792.728617      1287.000000       21.371973      
28906.026712      1291.000000       21.390416      
29018.978091      1295.000000       21.408477      
29131.578313      1299.000000       21.426157      
29243.822949      1303.000000       21.443456      
29355.707586      1307.000000       21.460373      
29467.227826      1311.000000       21.476909      
29578.379282      1315.000000       21.493064      
29689.157584      1319.000000       21.508838      
29799.558377      1323.000000       21.524232      
29909.577319      1327.000000       21.539244      
30019.210084      1331.000000       21.553877      
30128.452362      1335.000000       21.568129      
30237.299856      1339.000000       21.582001      
30345.748287      1343.000000       21.595494      
30453.793391      1347.000000       21.608607      
30561.430919      1351.000000       21.621340      
30668.656639      1355.000000       21.633695      
30775.466334      1359.000000       21.645671      
30881.855805      1363.000000       21.657268      
30987.820868      1367.000000       21.668486      
31093.357357      1371.000000       21.679327      
31198.461122      1375.000000       21.689790      
31303.128030      1379.000000       21.699875      
31407.353966      1383.000000       21.709583      
31511.134830      1387.000000       21.718915      
31614.466544      1391.000000       21.727870      
31717.345042      1395.000000       21.736448      
31819.766281      1399.000000       21.744651      
31921.726232      1403.000000       21.752478      
32023.220887      1407.000000       21.759930      
32124.246255      1411.000000       21.767007      
32224.798364      1415.000000       21.773709      
32324.873258      1419.000000       21.780038      
32424.467005      1423.000000       21.785992      
32523.575686      1427.000000       21.791574      
32622.195406      1431.000000       21.796782      
32720.322287      1435.000000       21.801618      
32817.952470      1439.000000       21.806082      
32915.082115      1443.000000       21.810175      
33011.707405      1447.000000       21.813896      
33107.824539      1451.000000       21.817246      
33203.429738      1455.000000       21.820227      
33298.519243      1459.000000       21.822837      
33393.089315      1463.000000       21.825078      
33487.136234      1467.000000       21.826950      
33580.656304      1471.000000       21.828454      
33673.645847      1475.000000       21.829590      
33766.101206      1479.000000       21.830359      
33858.018746      1483.000000       21.830761      
33949.394853      1487.000000       21.830797      
34040.225933      1491.000000       21.830467      
34130.508415      1495.000000       21.829772      
34220.238750      1499.000000       21.828712      
34309.413408      1503.000000       21.827288      
34398.028883      1507.000000       21.825500      
34486.081691      1511.000000       21.823350      
34573.568369      1515.000000       21.820837      
34660.485478      1519.000000       21.817963      
34746.829600      1523.000000       21.814727      
34832.597339      1527.000000       21.811131      
34917.785323      1531.000000       21.807175      
35002.390202      1535.000000       21.802860      
35086.408650      1539.000000       21.798186      
35169.837363      1543.000000       21.793154      
35252.673060      1547.000000       21.787765      
35334.912484      1551.000000       21.782020      
35416.552402      1555.000000       21.775918      
35497.589602      1559.000000       21.769461      
35578.020899      1563.000000       21.762649      
35657.843130      1567.000000       21.755484      
35737.053157      1571.000000       21.747965      
35815.647863      1575.000000       21.740094      
35893.624160      1579.000000       21.731871      
35970.978981      1583.000000       21.723297      
36047.709284      1587.000000       21.714373      
36123.812051      1591.000000       21.705099      
36199.284292      1595.000000       21.695476      
36274.123037      1599.000000       21.685505      
36348.325344      1603.000000       21.675187      
36421.888295      1607.000000       21.664523      
36494.808997      1611.000000       21.653513      
36567.084584      1615.000000       21.642158      
36638.712213      1619.000000       21.630458      
36709.689067      1623.000000       21.618416      
36780.012356      1627.000000       21.606031      
36849.679315      1631.000000       21.593304      
36918.687202      1635.000000       21.580237      
36987.033307      1639.000000       21.566829      
37054.714939      1643.000000       21.553083      
37121.729439      1647.000000       21.538998      
37188.074171      1651.000000       21.524576      
37253.746526      1655.000000       21.509817      
37318.743921      1659.000000       21.494722      
37383.063801      1663.000000       21.479293      
37446.703637      1667.000000       21.463529      
37509.660925      1671.000000       21.447433      
37571.933190      1675.000000       21.431005      
37633.517983      1679.000000       21.414245      
37694.412883      1683.000000       21.397156      
37754.615494      1687.000000       21.379737      
37814.123449      1691.000000       21.361989      
37872.934409      1695.000000       21.343914      
37931.046059      1699.000000       21.325513      
37988.456116      1703.000000       21.306786      
38045.162320      1707.000000       21.287734      
38101.162442      1711.000000       21.268359      
38156.454280      1715.000000       21.248661      
38211.035659      1719.000000       21.228642      
38264.904432      1723.000000       21.208302      
38318.058481      1727.000000       21.187642      
38370.495714      1731.000000       21.166664      
38422.214071      1735.000000       21.145368      
38473.211515      1739.000000       21.123756      
38523.486042      1743.000000       21.101828      
38573.035674      1747.000000       21.079585      
38621.858461      1751.000000       21.057029      
38669.952484      1755.000000       21.034161      
38717.315849      1759.000000       21.010981      
38763.946695      1763.000000       20.987491      
38809.843185      1767.000000       20.963692      
38855.003514      1771.000000       20.939584      
38899.425906      1775.000000       20.915170      
38943.108612      1779.000000       20.890449      
38986.049913      1783.000000       20.865423      
39028.248118      1787.000000       20.840094      
39069.701567      1791.000000       20.814462      
39110.408628      1795.000000       20.788528      
39150.367697      1799.000000       20.762294      
39189.577202      1803.000000       20.735761      
39228.035598      1807.000000       20.708929      
39265.741369      1811.000000       20.681801      
39302.693030      1815.000000       20.654376      
39338.889125      1819.000000       20.626657      
39374.328225      1823.000000       20.598644      
39409.008934      1827.000000       20.570339      
39442.929882      1831.000000       20.541742      
39476.089730      1835.000000       20.512855      
39508.487168      1839.000000       20.483680      
39540.120915      1843.000000       20.454216      
39570.989719      1847.000000       20.424467      
39601.092358      1851.000000       20.394431      
39630.427638      1855.000000       20.364112      
39658.994393      1859.000000       20.333510      
39686.791487      1863.000000       20.302626      
39713.817813      1867.000000       20.271461      
39740.072289      1871.000000       20.240017      
39765.553864      1875.000000       20.208295      
39790.261511      1879.000000       20.176297      
39814.194232      1883.000000       20.144022      
39837.351054      1887.000000       20.111474      
39859.731029      1891.000000       20.078652      
39881.333231      1895.000000       20.045558      
39902.156757      1899.000000       20.012194      
39922.200725      1903.000000       19.978561      
39941.464269      1907.000000       19.944659      
39959.946538      1911.000000       19.910490      
39977.646688      1915.000000       19.876056      
39994.563882      1919.000000       19.841357      
40010.697274      1923.000000       19.806395      
40026.046006      1927.000000       19.771171      
40040.609185      1931.000000       19.735686      
40054.385869      1935.000000       19.699941      
40067.375028      1939.000000       19.663938      
40079.575505      1943.000000       19.627677      
40090.985944      1947.000000       19.591159      
40101.604688      1951.000000       19.554385      
40111.429612      1955.000000       19.517355      
40120.457858      1959.000000       19.480070      
40128.685369      1963.000000       19.442529      
40136.106069      1967.000000       19.404731      
40142.710263      1971.000000       19.366672      
40148.481259      1975.000000       19.328345      
40153.387040      1979.000000       19.289736      
40157.359208      1983.000000       19.250812      
40160.457269      1987.000000       19.211604      
40163.764176      1991.000000       19.172659      
40168.361324      1995.000000       19.134517      
40174.980219      1999.000000       19.097539      
