9.868809,9.868809,0.000000
39.465687,39.465687,0.000000
88.762003,88.762003,0.000000
157.710064,157.710064,0.000000
246.243168,246.243168,0.000000
354.275666,354.275666,0.000000
481.703042,481.703042,0.000000
628.402018,628.402018,0.000000
794.230674,794.230674,0.000000
979.028580,979.028580,0.000000
1182.616957,1182.616957,0.000000
1404.798845,1404.798845,0.000000
1645.359299,1645.359299,0.000000
1904.065591,1904.065591,0.000000
2180.667440,2180.667440,0.000000
2474.897251,2474.897251,0.000000
2786.470377,2786.470377,0.000000
3115.085389,3115.085389,0.000000
3460.424376,3460.424376,0.000000
3822.153242,3822.153242,0.000000
4199.922039,4199.922039,0.000000
4593.365301,4593.365301,0.000000
5002.102395,5002.102395,0.000000
5425.737896,5425.737896,0.000000
5863.861963,5863.861963,0.000000
6316.050740,6316.050740,0.000000
6781.866763,6781.866763,0.000000
7260.859386,7260.859386,0.000000
7752.565213,7752.565213,0.000000
8256.508551,8256.508551,0.000000
8772.201868,8772.201868,0.000000
9299.146263,9299.146263,0.000000
9836.831953,9836.831953,0.000000
10384.738760,10384.738760,0.000000
10942.336620,10942.336620,0.000000
11509.086094,11509.086094,0.000000
12084.438888,12084.438888,0.000000
12667.838385,12667.838385,0.000000
13258.720184,13258.720184,0.000000
13856.512644,13856.512644,0.000000
14460.637441,14460.637441,0.000000
15070.510123,15070.510123,0.000000
15685.540676,15685.540676,0.000000
16305.134100,16305.134100,0.000000
16928.690976,16928.690976,0.000000
17555.608055,17555.608055,0.000000
18185.278834,18185.278834,0.000000
18817.094148,18817.094148,0.000000
19450.442755,19450.442755,0.000000
20084.711933,20084.711933,0.000000
20719.288067,20719.288067,0.000000
21353.557245,21353.557245,0.000000
21986.905852,21986.905852,0.000000
22618.721166,22618.721166,0.000000
23248.391945,23248.391945,0.000000
23875.309024,23875.309024,0.000000
24498.865900,24498.865900,0.000000
25118.459324,25118.459324,0.000000
25733.489877,25733.489877,0.000000
26343.362559,26343.362559,0.000000
26947.487356,26947.487356,0.000000
27545.279816,27545.279816,0.000000
28136.161615,28136.161615,0.000000
28719.561112,28719.561112,0.000000
29294.913906,29294.913906,0.000000
29861.663380,29861.663380,0.000000
30419.261240,30419.261240,0.000000
30967.168047,30967.168047,0.000000
31504.853737,31504.853737,0.000000
32031.798132,32031.798132,0.000000
32547.491449,32547.491449,0.000000
33051.434787,33051.434787,0.000000
33543.140614,33543.140614,0.000000
34022.133237,34022.133237,0.000000
34487.949260,34487.949260,0.000000
34940.138037,34940.138037,0.000000
35378.262104,35378.262104,0.000000
35801.897605,35801.897605,0.000000
36210.634699,36210.634699,0.000000
36604.077961,36604.077961,0.000000
36981.846758,36981.846758,0.000000
37343.575624,37343.575624,0.000000
37688.914611,37688.914611,0.000000
38017.529623,38017.529623,0.000000
38329.102749,38329.102749,0.000000
38623.332560,38623.332560,0.000000
38899.934409,38899.934409,0.000000
39158.640701,39158.640701,0.000000
39399.201155,39399.201155,0.000000
39621.383043,39621.383043,0.000000
39824.971420,39824.971420,0.000000
40009.769326,40009.769326,0.000000
40175.597982,40175.597982,0.000000
40322.296958,40322.296958,0.000000
40449.724334,40449.724334,0.000000
40557.756832,40557.756832,0.000000
40646.289936,40646.289936,0.000000
40715.237997,40715.237997,0.000000
40764.534313,40764.534313,0.000000
40794.131191,40794.131191,0.000000
