9.869248,9.869248,0.000000
39.472722,39.472722,0.000000
88.797606,88.797606,0.000000
157.822552,157.822552,0.000000
246.517683,246.517683,0.000000
354.844607,354.844607,0.000000
482.756436,482.756436,0.000000
630.197803,630.197803,0.000000
797.104891,797.104891,0.000000
983.405455,983.405455,0.000000
1189.018856,1189.018856,0.000000
1413.856095,1413.856095,0.000000
1657.819854,1657.819854,0.000000
1920.804533,1920.804533,0.000000
2202.696304,2202.696304,0.000000
2503.373150,2503.373150,0.000000
2822.704926,2822.704926,0.000000
3160.553411,3160.553411,0.000000
3516.772370,3516.772370,0.000000
3891.207616,3891.207616,0.000000
4283.697078,4283.697078,0.000000
4694.070869,4694.070869,0.000000
5122.151363,5122.151363,0.000000
5567.753267,5567.753267,0.000000
6030.683705,6030.683705,0.000000
6510.742303,6510.742303,0.000000
7007.721270,7007.721270,0.000000
7521.405492,7521.405492,0.000000
8051.572624,8051.572624,0.000000
8597.993188,8597.993188,0.000000
9160.430670,9160.430670,0.000000
9738.641622,9738.641622,0.000000
10332.375770,10332.375770,0.000000
10941.376121,10941.376121,0.000000
11565.379072,11565.379072,0.000000
12204.114530,12204.114530,0.000000
12857.306021,12857.306021,0.000000
13524.670817,13524.670817,0.000000
14205.920054,14205.920054,0.000000
14900.758857,14900.758857,0.000000
15608.886471,15608.886471,0.000000
16329.996388,16329.996388,0.000000
17063.776480,17063.776480,0.000000
17809.909137,17809.909137,0.000000
18568.071400,18568.071400,0.000000
19337.935104,19337.935104,0.000000
20119.167019,20119.167019,0.000000
20911.428994,20911.428994,0.000000
21714.378105,21714.378105,0.000000
22527.666801,22527.666801,0.000000
23350.943055,23350.943055,0.000000
24183.850519,24183.850519,0.000000
25026.028675,25026.028675,0.000000
25877.112991,25877.112991,0.000000
26736.735082,26736.735082,0.000000
27604.522867,27604.522867,0.000000
28480.100731,28480.100731,0.000000
29363.089685,29363.089685,0.000000
30253.107534,30253.107534,0.000000
31149.769040,31149.769040,0.000000
32052.686091,32052.686091,0.000000
32961.467864,32961.467864,0.000000
33875.721001,33875.721001,0.000000
34795.049772,34795.049772,0.000000
35719.056255,35719.056255,0.000000
36647.340498,36647.340498,0.000000
37579.500701,37579.500701,0.000000
38515.133385,38515.133385,0.000000
39453.833568,39453.833568,0.000000
40395.194940,40395.194940,0.000000
41338.810041,41338.810041,0.000000
42284.270432,42284.270432,0.000000
43231.166879,43231.166879,0.000000
44179.089524,44179.089524,0.000000
45127.628065,45127.628065,0.000000
46076.371935,46076.371935,0.000000
47024.910476,47024.910476,0.000000
47972.833121,47972.833121,0.000000
48919.729568,48919.729568,0.000000
49865.189959,49865.189959,0.000000
50808.805060,50808.805060,0.000000
51750.166432,51750.166432,0.000000
52688.866615,52688.866615,0.000000
53624.499299,53624.499299,0.000000
54556.659502,54556.659502,0.000000
55484.943745,55484.943745,0.000000
56408.950228,56408.950228,0.000000
57328.278999,57328.278999,0.000000
58242.532136,58242.532136,0.000000
59151.313909,59151.313909,0.000000
60054.230960,60054.230960,0.000000
60950.892466,60950.892466,0.000000
61840.910315,61840.910315,0.000000
62723.899269,62723.899269,0.000000
63599.477133,63599.477133,0.000000
64467.264918,64467.264918,0.000000
65326.887009,65326.887009,0.000000
66177.971325,66177.971325,0.000000
67020.149481,67020.149481,0.000000
67853.056945,67853.056945,0.000000
68676.333199,68676.333199,0.000000
69489.621895,69489.621895,0.000000
70292.571006,70292.571006,0.000000
71084.832981,71084.832981,0.000000
71866.064896,71866.064896,0.000000
72635.928600,72635.928600,0.000000
73394.090863,73394.090863,0.000000
74140.223520,74140.223520,0.000000
74874.003612,74874.003612,0.000000
75595.113529,75595.113529,0.000000
76303.241143,76303.241143,0.000000
76998.079946,76998.079946,0.000000
77679.329183,77679.329183,0.000000
78346.693979,78346.693979,0.000000
78999.885470,78999.885470,0.000000
79638.620928,79638.620928,0.000000
80262.623879,80262.623879,0.000000
80871.624230,80871.624230,0.000000
81465.358378,81465.358378,0.000000
82043.569330,82043.569330,0.000000
82606.006812,82606.006812,0.000000
83152.427376,83152.427376,0.000000
83682.594508,83682.594508,0.000000
84196.278730,84196.278730,0.000000
84693.257697,84693.257697,0.000000
85173.316295,85173.316295,0.000000
85636.246733,85636.246733,0.000000
86081.848637,86081.848637,0.000000
86509.929131,86509.929131,0.000000
86920.302922,86920.302922,0.000000
87312.792384,87312.792384,0.000000
87687.227630,87687.227630,0.000000
88043.446589,88043.446589,0.000000
88381.295074,88381.295074,0.000000
88700.626850,88700.626850,0.000000
89001.303696,89001.303696,0.000000
89283.195467,89283.195467,0.000000
89546.180146,89546.180146,0.000000
89790.143905,89790.143905,0.000000
90014.981144,90014.981144,0.000000
90220.594545,90220.594545,0.000000
90406.895109,90406.895109,0.000000
90573.802197,90573.802197,0.000000
90721.243564,90721.243564,0.000000
90849.155393,90849.155393,0.000000
90957.482317,90957.482317,0.000000
91046.177448,91046.177448,0.000000
91115.202394,91115.202394,0.000000
91164.527278,91164.527278,0.000000
91194.130752,91194.130752,0.000000
