9.864776,9.864776,0.000000
39.401215,39.401215,0.000000
88.435985,88.435985,0.000000
156.681330,156.681330,0.000000
243.736759,243.736759,0.000000
349.091397,349.091397,0.000000
472.126981,472.126981,0.000000
612.121489,612.121489,0.000000
768.253377,768.253377,0.000000
939.606402,939.606402,0.000000
1125.174996,1125.174996,0.000000
1323.870168,1323.870168,0.000000
1534.525897,1534.525897,0.000000
1755.905970,1755.905970,0.000000
1986.711242,1986.711242,0.000000
2225.587255,2225.587255,0.000000
2471.132190,2471.132190,0.000000
2721.905091,2721.905091,0.000000
2976.434324,2976.434324,0.000000
3233.226209,3233.226209,0.000000
3490.773791,3490.773791,0.000000
3747.565676,3747.565676,0.000000
4002.094909,4002.094909,0.000000
4252.867810,4252.867810,0.000000
4498.412745,4498.412745,0.000000
4737.288758,4737.288758,0.000000
4968.094030,4968.094030,0.000000
5189.474103,5189.474103,0.000000
5400.129832,5400.129832,0.000000
5598.825004,5598.825004,0.000000
5784.393598,5784.393598,0.000000
5955.746623,5955.746623,0.000000
6111.878511,6111.878511,0.000000
6251.873019,6251.873019,0.000000
6374.908603,6374.908603,0.000000
6480.263241,6480.263241,0.000000
6567.318670,6567.318670,0.000000
6635.564015,6635.564015,0.000000
6684.598785,6684.598785,0.000000
6714.135224,6714.135224,0.000000
