9.851211,9.851211,0.000000
39.184785,39.184785,0.000000
87.345459,87.345459,0.000000
153.257401,153.257401,0.000000
235.448249,235.448249,0.000000
332.081995,332.081995,0.000000
441.000000,441.000000,0.000000
559.769217,559.769217,0.000000
685.736536,685.736536,0.000000
816.088057,816.088057,0.000000
947.911943,947.911943,0.000000
1078.263464,1078.263464,0.000000
1204.230783,1204.230783,0.000000
1323.000000,1323.000000,0.000000
1431.918005,1431.918005,0.000000
1528.551751,1528.551751,0.000000
1610.742599,1610.742599,0.000000
1676.654541,1676.654541,0.000000
1724.815215,1724.815215,0.000000
1754.148789,1754.148789,0.000000
