9.861160,9.861160,0.000000
39.343453,39.343453,0.000000
88.144349,88.144349,0.000000
155.763086,155.763086,0.000000
241.505804,241.505804,0.000000
344.492666,344.492666,0.000000
463.666888,463.666888,0.000000
597.805582,597.805582,0.000000
745.532302,745.532302,0.000000
905.331172,905.331172,0.000000
1075.562441,1075.562441,0.000000
1254.479304,1254.479304,0.000000
1440.245833,1440.245833,0.000000
1630.955812,1630.955812,0.000000
1824.652297,1824.652297,0.000000
2019.347703,2019.347703,0.000000
2213.044188,2213.044188,0.000000
2403.754167,2403.754167,0.000000
2589.520696,2589.520696,0.000000
2768.437559,2768.437559,0.000000
2938.668828,2938.668828,0.000000
3098.467698,3098.467698,0.000000
3246.194418,3246.194418,0.000000
3380.333112,3380.333112,0.000000
3499.507334,3499.507334,0.000000
3602.494196,3602.494196,0.000000
3688.236914,3688.236914,0.000000
3755.855651,3755.855651,0.000000
3804.656547,3804.656547,0.000000
3834.138840,3834.138840,0.000000
