9.869403,9.869403,0.000000
39.475203,39.475203,0.000000
88.810166,88.810166,0.000000
157.862241,157.862241,0.000000
246.614560,246.614560,0.000000
355.045441,355.045441,0.000000
483.128396,483.128396,0.000000
630.832137,630.832137,0.000000
798.120581,798.120581,0.000000
984.952862,984.952862,0.000000
1191.283340,1191.283340,0.000000
1417.061611,1417.061611,0.000000
1662.232520,1662.232520,0.000000
1926.736176,1926.736176,0.000000
2210.507964,2210.507964,0.000000
2513.478563,2513.478563,0.000000
2835.573960,2835.573960,0.000000
3176.715473,3176.715473,0.000000
3536.819766,3536.819766,0.000000
3915.798870,3915.798870,0.000000
4313.560205,4313.560205,0.000000
4730.006605,4730.006605,0.000000
5165.036336,5165.036336,0.000000
5618.543128,5618.543128,0.000000
6090.416194,6090.416194,0.000000
6580.540264,6580.540264,0.000000
7088.795606,7088.795606,0.000000
7615.058060,7615.058060,0.000000
8159.199068,8159.199068,0.000000
8721.085704,8721.085704,0.000000
9300.580707,9300.580707,0.000000
9897.542515,9897.542515,0.000000
10511.825297,10511.825297,0.000000
11143.278993,11143.278993,0.000000
11791.749347,11791.749347,0.000000
12457.077948,12457.077948,0.000000
13139.102264,13139.102264,0.000000
13837.655687,13837.655687,0.000000
14552.567570,14552.567570,0.000000
15283.663270,15283.663270,0.000000
16030.764190,16030.764190,0.000000
16793.687823,16793.687823,0.000000
17572.247799,17572.247799,0.000000
18366.253926,18366.253926,0.000000
19175.512238,19175.512238,0.000000
19999.825046,19999.825046,0.000000
20838.990982,20838.990982,0.000000
21692.805048,21692.805048,0.000000
22561.058670,22561.058670,0.000000
23443.539745,23443.539745,0.000000
24340.032697,24340.032697,0.000000
25250.318523,25250.318523,0.000000
26174.174853,26174.174853,0.000000
27111.376003,27111.376003,0.000000
28061.693027,28061.693027,0.000000
29024.893776,29024.893776,0.000000
30000.742954,30000.742954,0.000000
30989.002173,30989.002173,0.000000
31989.430016,31989.430016,0.000000
33001.782093,33001.782093,0.000000
34025.811099,34025.811099,0.000000
35061.266878,35061.266878,0.000000
36107.896484,36107.896484,0.000000
37165.444239,37165.444239,0.000000
38233.651799,38233.651799,0.000000
39312.258216,39312.258216,0.000000
40401.000000,40401.000000,0.000000
41499.611188,41499.611188,0.000000
42607.823404,42607.823404,0.000000
43725.365927,43725.365927,0.000000
44851.965757,44851.965757,0.000000
45987.347681,45987.347681,0.000000
47131.234342,47131.234342,0.000000
48283.346303,48283.346303,0.000000
49443.402120,49443.402120,0.000000
50611.118408,50611.118408,0.000000
51786.209908,51786.209908,0.000000
52968.389563,52968.389563,0.000000
54157.368583,54157.368583,0.000000
55352.856517,55352.856517,0.000000
56554.561323,56554.561323,0.000000
57762.189441,57762.189441,0.000000
58975.445866,58975.445866,0.000000
60194.034215,60194.034215,0.000000
61417.656803,61417.656803,0.000000
62646.014718,62646.014718,0.000000
63878.807888,63878.807888,0.000000
65115.735159,65115.735159,0.000000
66356.494366,66356.494366,0.000000
67600.782410,67600.782410,0.000000
68848.295329,68848.295329,0.000000
70098.728371,70098.728371,0.000000
71351.776074,71351.776074,0.000000
72607.132336,72607.132336,0.000000
73864.490490,73864.490490,0.000000
75123.543381,75123.543381,0.000000
76383.983440,76383.983440,0.000000
77645.502760,77645.502760,0.000000
78907.793168,78907.793168,0.000000
80170.546304,80170.546304,0.000000
81433.453696,81433.453696,0.000000
82696.206832,82696.206832,0.000000
83958.497240,83958.497240,0.000000
85220.016560,85220.016560,0.000000
86480.456619,86480.456619,0.000000
87739.509510,87739.509510,0.000000
88996.867664,88996.867664,0.000000
90252.223926,90252.223926,0.000000
91505.271629,91505.271629,0.000000
92755.704671,92755.704671,0.000000
94003.217590,94003.217590,0.000000
95247.505634,95247.505634,0.000000
96488.264841,96488.264841,0.000000
97725.192112,97725.192112,0.000000
98957.985282,98957.985282,0.000000
100186.343197,100186.343197,0.000000
101409.965785,101409.965785,0.000000
102628.554134,102628.554134,0.000000
103841.810559,103841.810559,0.000000
105049.438677,105049.438677,0.000000
106251.143483,106251.143483,0.000000
107446.631417,107446.631417,0.000000
108635.610437,108635.610437,0.000000
109817.790092,109817.790092,0.000000
110992.881592,110992.881592,0.000000
112160.597880,112160.597880,0.000000
113320.653697,113320.653697,0.000000
114472.765658,114472.765658,0.000000
115616.652319,115616.652319,0.000000
116752.034243,116752.034243,0.000000
117878.634073,117878.634073,0.000000
118996.176596,118996.176596,0.000000
120104.388812,120104.388812,0.000000
121203.000000,121203.000000,0.000000
122291.741784,122291.741784,0.000000
123370.348201,123370.348201,0.000000
124438.555761,124438.555761,0.000000
125496.103516,125496.103516,0.000000
126542.733122,126542.733122,0.000000
127578.188901,127578.188901,0.000000
128602.217907,128602.217907,0.000000
129614.569984,129614.569984,0.000000
130614.997827,130614.997827,0.000000
131603.257046,131603.257046,0.000000
132579.106224,132579.106224,0.000000
133542.306973,133542.306973,0.000000
134492.623997,134492.623997,0.000000
135429.825147,135429.825147,0.000000
136353.681477,136353.681477,0.000000
137263.967303,137263.967303,0.000000
138160.460255,138160.460255,0.000000
139042.941330,139042.941330,0.000000
139911.194952,139911.194952,0.000000
140765.009018,140765.009018,0.000000
141604.174954,141604.174954,0.000000
142428.487762,142428.487762,0.000000
143237.746074,143237.746074,0.000000
144031.752201,144031.752201,0.000000
144810.312177,144810.312177,0.000000
145573.235810,145573.235810,0.000000
146320.336730,146320.336730,0.000000
147051.432430,147051.432430,0.000000
147766.344313,147766.344313,0.000000
148464.897736,148464.897736,0.000000
149146.922052,149146.922052,0.000000
149812.250653,149812.250653,0.000000
150460.721007,150460.721007,0.000000
151092.174703,151092.174703,0.000000
151706.457485,151706.457485,0.000000
152303.419293,152303.419293,0.000000
152882.914296,152882.914296,0.000000
153444.800932,153444.800932,0.000000
153988.941940,153988.941940,0.000000
154515.204394,154515.204394,0.000000
155023.459736,155023.459736,0.000000
155513.583806,155513.583806,0.000000
155985.456872,155985.456872,0.000000
156438.963664,156438.963664,0.000000
156873.993395,156873.993395,0.000000
157290.439795,157290.439795,0.000000
157688.201130,157688.201130,0.000000
158067.180234,158067.180234,0.000000
158427.284527,158427.284527,0.000000
158768.426040,158768.426040,0.000000
159090.521437,159090.521437,0.000000
159393.492036,159393.492036,0.000000
159677.263824,159677.263824,0.000000
159941.767480,159941.767480,0.000000
160186.938389,160186.938389,0.000000
160412.716660,160412.716660,0.000000
160619.047138,160619.047138,0.000000
160805.879419,160805.879419,0.000000
160973.167863,160973.167863,0.000000
161120.871604,161120.871604,0.000000
161248.954559,161248.954559,0.000000
161357.385440,161357.385440,0.000000
161446.137759,161446.137759,0.000000
161515.189834,161515.189834,0.000000
161564.524797,161564.524797,0.000000
161594.130597,161594.130597,0.000000
