9.866484,9.866484,0.000000
39.428509,39.428509,0.000000
88.573935,88.573935,0.000000
157.116339,157.116339,0.000000
244.795714,244.795714,0.000000
351.279463,351.279463,0.000000
476.163656,476.163656,0.000000
618.974565,618.974565,0.000000
779.170460,779.170460,0.000000
956.143662,956.143662,0.000000
1149.222851,1149.222851,0.000000
1357.675613,1357.675613,0.000000
1580.711213,1580.711213,0.000000
1817.483602,1817.483602,0.000000
2067.094622,2067.094622,0.000000
2328.597411,2328.597411,0.000000
2601.000000,2601.000000,0.000000
2883.269073,2883.269073,0.000000
3174.333887,3174.333887,0.000000
3473.090333,3473.090333,0.000000
3778.405126,3778.405126,0.000000
4089.120101,4089.120101,0.000000
4404.056611,4404.056611,0.000000
4722.019994,4722.019994,0.000000
5041.804105,5041.804105,0.000000
5362.195895,5362.195895,0.000000
5681.980006,5681.980006,0.000000
5999.943389,5999.943389,0.000000
6314.879899,6314.879899,0.000000
6625.594874,6625.594874,0.000000
6930.909667,6930.909667,0.000000
7229.666113,7229.666113,0.000000
7520.730927,7520.730927,0.000000
7803.000000,7803.000000,0.000000
8075.402589,8075.402589,0.000000
8336.905378,8336.905378,0.000000
8586.516398,8586.516398,0.000000
8823.288787,8823.288787,0.000000
9046.324387,9046.324387,0.000000
9254.777149,9254.777149,0.000000
9447.856338,9447.856338,0.000000
9624.829540,9624.829540,0.000000
9785.025435,9785.025435,0.000000
9927.836344,9927.836344,0.000000
10052.720537,10052.720537,0.000000
10159.204286,10159.204286,0.000000
10246.883661,10246.883661,0.000000
10315.426065,10315.426065,0.000000
10364.571491,10364.571491,0.000000
10394.133516,10394.133516,0.000000
