9.560585021972656e-05
8.273124694824219e-05
9.322166442871094e-05
0.00011086463928222656
9.465217590332031e-05
0.00010609626770019531
0.000118255615234375
9.226799011230469e-05
0.00011348724365234375
8.726119995117188e-05
0.00011777877807617188
9.584426879882812e-05
0.0001342296600341797
0.00012946128845214844
0.00010991096496582031
7.510185241699219e-05
9.131431579589844e-05
0.00011205673217773438
0.00010251998901367188
8.821487426757812e-05
8.845329284667969e-05
8.7738037109375e-05
8.869171142578125e-05
0.00010228157043457031
8.940696716308594e-05
7.486343383789062e-05
7.462501525878906e-05
0.00011706352233886719
8.797645568847656e-05
7.581710815429688e-05
0.000118255615234375
0.00010275840759277344
9.107589721679688e-05
0.00011801719665527344
0.0001049041748046875
0.00011944770812988281
9.131431579589844e-05
8.106231689453125e-05
0.00011181831359863281
7.915496826171875e-05
0.00013518333435058594
9.799003601074219e-05
0.00013375282287597656
0.00011157989501953125
0.00011157989501953125
9.489059448242188e-05
0.00011944770812988281
7.772445678710938e-05
7.724761962890625e-05
0.00010347366333007812
7.724761962890625e-05
9.131431579589844e-05
7.724761962890625e-05
7.700920104980469e-05
7.653236389160156e-05
9.1552734375e-05
7.653236389160156e-05
7.677078247070312e-05
9.107589721679688e-05
9.1552734375e-05
0.00010633468627929688
9.1552734375e-05
0.000118255615234375
9.179115295410156e-05
7.796287536621094e-05
7.82012939453125e-05
0.00013113021850585938
0.00014781951904296875
7.939338684082031e-05
8.535385131835938e-05
8.916854858398438e-05
0.0001220703125
0.00010085105895996094
0.00012302398681640625
8.96453857421875e-05
9.226799011230469e-05
9.202957153320312e-05
0.00010442733764648438
0.00012683868408203125
0.0001201629638671875
8.702278137207031e-05
0.0001628398895263672
8.893013000488281e-05
0.00012993812561035156
0.00013947486877441406
9.489059448242188e-05
0.00012969970703125
0.00013184547424316406
0.00011610984802246094
0.00010085105895996094
0.00014519691467285156
0.00010442733764648438
0.00011944770812988281
9.298324584960938e-05
8.535385131835938e-05
0.00012612342834472656
0.0001385211944580078
0.00015163421630859375
0.00012826919555664062
0.00011205673217773438
0.00011229515075683594
0.00015282630920410156
0.0001380443572998047
0.00013327598571777344
0.00012254714965820312
0.0001289844512939453
0.00010776519775390625
0.0001266002655029297
0.00012135505676269531
0.00013875961303710938
0.00011801719665527344
0.0001010894775390625
0.00011706352233886719
7.796287536621094e-05
8.96453857421875e-05
9.799003601074219e-05
9.679794311523438e-05
0.00011873245239257812
0.00012636184692382812
0.0001437664031982422
7.772445678710938e-05
0.00011157989501953125
9.489059448242188e-05
0.00010752677917480469
0.00011777877807617188
0.00013136863708496094
7.462501525878906e-05
7.462501525878906e-05
7.486343383789062e-05
7.700920104980469e-05
7.724761962890625e-05
7.724761962890625e-05
7.390975952148438e-05
7.534027099609375e-05
7.677078247070312e-05
7.700920104980469e-05
9.012222290039062e-05
7.43865966796875e-05
0.0001010894775390625
7.534027099609375e-05
7.510185241699219e-05
7.772445678710938e-05
7.724761962890625e-05
7.62939453125e-05
7.677078247070312e-05
0.0001049041748046875
8.7738037109375e-05
7.724761962890625e-05
8.177757263183594e-05
9.703636169433594e-05
7.748603820800781e-05
7.748603820800781e-05
9.5367431640625e-05
7.772445678710938e-05
9.489059448242188e-05
7.653236389160156e-05
7.724761962890625e-05
7.700920104980469e-05
7.748603820800781e-05
7.700920104980469e-05
9.083747863769531e-05
9.036064147949219e-05
7.700920104980469e-05
7.724761962890625e-05
7.700920104980469e-05
9.107589721679688e-05
7.772445678710938e-05
7.700920104980469e-05
7.390975952148438e-05
7.534027099609375e-05
7.62939453125e-05
9.1552734375e-05
7.796287536621094e-05
7.581710815429688e-05
7.700920104980469e-05
7.772445678710938e-05
7.748603820800781e-05
9.012222290039062e-05
7.700920104980469e-05
0.00013303756713867188
7.939338684082031e-05
9.465217590332031e-05
8.177757263183594e-05
7.843971252441406e-05
7.724761962890625e-05
7.677078247070312e-05
7.390975952148438e-05
7.700920104980469e-05
7.748603820800781e-05
7.700920104980469e-05
7.796287536621094e-05
7.772445678710938e-05
7.724761962890625e-05
9.036064147949219e-05
9.083747863769531e-05
9.5367431640625e-05
7.677078247070312e-05
7.748603820800781e-05
7.700920104980469e-05
7.748603820800781e-05
