0.311635       
0.681828       
1.223017       
1.947528       
2.861051       
3.966419       
5.265114       
6.757926       
8.445257       
10.327267      
12.403960      
14.675227      
17.140876      
19.800644      
22.654211      
25.701208      
28.941222      
32.373795      
35.998433      
39.814606      
43.821745      
48.019249      
52.406484      
56.982782      
61.747443      
66.699737      
71.838902      
77.164143      
82.674638      
88.369534      
94.247947      
100.308963     
106.551641     
112.975010     
119.578068     
126.359788     
133.319112     
140.454954     
147.766201     
155.251711     
162.910316     
170.740819     
178.741996     
186.912598     
195.251348     
203.756941     
212.428047     
221.263311     
230.261350     
239.420758     
248.740101     
258.217921     
267.852735     
277.643035     
287.587289     
297.683942     
307.931412     
318.328095     
328.872365     
339.562571     
350.397038     
361.374071     
372.491952     
383.748939     
395.143271     
406.673162     
418.336808     
430.132383     
442.058039     
454.111909     
466.292105     
478.596720     
491.023827     
503.571481     
516.237715     
529.020546     
541.917972     
554.927974     
568.048514     
581.277537     
594.612971     
608.052728     
621.594701     
635.236772     
648.976802     
662.812640     
676.742119     
690.763057     
704.873257     
719.070510     
733.352593     
747.717267     
762.162283     
776.685378     
791.284278     
805.956696     
820.700333     
835.512881     
850.392018     
865.335414     
880.340729     
895.405611     
910.527702     
925.704632     
940.934024     
956.213492     
971.540644     
986.913077     
1002.328384    
1017.784151    
1033.277955    
1048.807370    
1064.369964    
1079.963298    
1095.584930    
1111.232412    
1126.903294    
1142.595121    
1158.305434    
1174.031772    
1189.771671    
1205.522667    
1221.282292    
1237.048076    
1252.817550    
1268.588244    
1284.357687    
1300.123409    
1315.882939    
1331.633810    
1347.373553    
1363.099702    
1378.809795    
1394.501370    
1410.171968    
1425.819136    
1441.440421    
1457.033376    
1472.595559    
1488.124531    
1503.617859    
1519.073117    
1534.487883    
1549.859743    
1565.186287    
1580.465115    
1595.693834    
1610.870056    
1625.991405    
1641.055512    
1656.060017    
1671.002568    
1685.880825    
1700.692457    
1715.435143    
1730.106574    
1744.704450    
1759.226485    
1773.670404    
1788.033943    
1802.314852    
1816.510894    
1830.619844    
1844.639492    
1858.567641    
1872.402109    
1886.140728    
1899.781345    
1913.321824    
1926.760043    
1940.093895    
1953.321292    
1966.440162    
1979.448448    
1992.344111    
2005.125133    
2017.789508    
2030.335254    
2042.760404    
2055.063011    
2067.241147    
2079.292903    
2091.216391    
2103.009743    
2114.671109    
2126.198662    
2137.590596    
2148.845126    
2159.960486    
2170.934934    
2181.766752    
2192.454239    
2202.995722    
2213.389548    
2223.634087    
2233.727732    
2243.668902    
2253.456038    
2263.087604    
2272.562091    
2281.878013    
2291.033907    
2300.028339    
2308.859897    
2317.527195    
2326.028874    
2334.363599    
2342.530062    
2350.526981    
2358.353101    
2366.007192    
2373.488052    
2380.794505    
2387.925404    
2394.879627    
2401.656080    
2408.253697    
2414.671439    
2420.908295    
2426.963282    
2432.835445    
2438.523857    
2444.027618    
2449.345858    
2454.477733    
2459.422429    
2464.179159    
2468.747164    
2473.125713    
2477.314103    
2481.311658    
2485.117729    
2488.731693    
2492.152954    
2495.380939    
2498.415101    
2501.254913    
2503.899869    
2506.349478    
2508.603262    
2510.660746    
2512.521452    
2514.184878    
2515.650471    
2516.917582    
2517.985368    
2518.852584    
2519.517001    
2519.972939    
2520.289261    
