4.057357       
7.907292       
11.813372      
15.745105      
19.690729      
23.644608      
27.603643      
31.565966      
35.530370      
39.496034      
43.462375      
47.428969      
51.395493      
55.361702      
59.327401      
63.292435      
67.256679      
71.220038      
75.182496      
79.144470      
83.108603      
87.085884      
91.107868      
95.233732      
99.532285      
104.051427     
108.809067     
113.804476     
119.030219     
124.477948     
130.140236     
136.010861     
142.084662     
148.357305     
154.825095     
161.484817     
168.333623     
175.368946     
182.588434     
189.989905     
197.571305     
205.330681     
213.266161     
221.375933     
229.658230     
238.111323     
246.733507     
255.523095     
264.478414     
273.597799     
282.879584     
292.322106     
301.923698     
311.682686     
321.597388     
331.666113     
341.887159     
352.258811     
362.779341     
373.447007     
384.260051     
395.216701     
406.315168     
417.553647     
428.930317     
440.443340     
452.090858     
463.871001     
475.781878     
487.821582     
499.988189     
512.279758     
524.694329     
537.229927     
549.884560     
562.656219     
575.542877     
588.542492     
601.653006     
614.872344     
628.198417     
641.629117     
655.162325     
668.795903     
682.527701     
696.355553     
710.277279     
724.290685     
738.393564     
752.583696     
766.858845     
781.216765     
795.655197     
810.171870     
824.764500     
839.430793     
854.168443     
868.975133     
883.848536     
898.786315     
913.786123     
928.845604     
943.962391     
959.134110     
974.358379     
989.632806     
1004.954994    
1020.322537    
1035.733022    
1051.184029    
1066.673133    
1082.197904    
1097.755903    
1113.344689    
1128.961816    
1144.604833    
1160.271284    
1175.958711    
1191.664652    
1207.386643    
1223.122217    
1238.868903    
1254.624232    
1270.385732    
1286.150928    
1301.917348    
1317.682517    
1333.443961    
1349.199208    
1364.945785    
1380.681222    
1396.403048    
1412.108798    
1427.796006    
1443.462210    
1459.104953    
1474.721778    
1490.310236    
1505.867880    
1521.392267    
1536.880962    
1552.331531    
1567.741552    
1583.108603    
1598.430273    
1613.704155    
1628.927852    
1644.098972    
1659.215134    
1674.273962    
1689.273092    
1704.210167    
1719.082840    
1733.888775    
1748.625643    
1763.291130    
1777.882928    
1792.398745    
1806.836297    
1821.193314    
1835.467536    
1849.656717    
1863.758625    
1877.771038    
1891.691750    
1905.518568    
1919.249313    
1932.881821    
1946.413941    
1959.843539    
1973.168495    
1986.386704    
1999.496079    
2012.494546    
2025.380049    
2038.150550    
2050.804023    
2063.338464    
2075.751883    
2088.042309    
2100.207787    
2112.246381    
2124.156172    
2135.935258    
2147.581758    
2159.093805    
2170.469553    
2181.707174    
2192.804857    
2203.760809    
2214.573256    
2225.240441    
2235.760625    
2246.132087    
2256.353121    
2266.422040    
2276.337173    
2286.096864    
2295.699471    
2305.143369    
2314.426943    
2323.548593    
2332.506729    
2341.299769    
2349.926139    
2358.384273    
2366.672604    
2374.789568    
2382.733596    
2390.503113    
2398.096529    
2405.512238    
2412.748610    
2419.803979    
2426.676639    
2433.364828    
2439.866714    
2446.180377    
2452.303789    
2458.234784    
2463.971023    
2469.509948    
2474.848727    
2479.984172    
2484.912638    
2489.629881    
2494.130850    
2498.409390    
2502.457788    
2506.266021    
2509.820447    
2513.101157    
2516.075165    
2518.672694    
2520.816763    
2522.935971    
2525.538533    
2528.578752    
2531.988574    
2535.748325    
2539.859332    
2544.336341    
2549.206396    
2554.510752    
2560.309799    
2566.692835    
2573.797824    
2581.855967    
2591.314419    
2603.331889    
