17.435699      
37.010574      
56.704538      
76.427655      
96.148468      
115.852555     
135.532164     
155.182654     
174.801024     
194.385209     
213.933719     
233.445432     
252.919476     
272.355148     
291.751871     
311.109153     
330.426571     
349.703753     
368.940365     
388.136101     
407.290681     
426.403844     
445.475341     
464.504937     
483.492407     
502.437532     
521.340099     
540.199902     
559.016738     
577.790404     
596.520704     
615.207441     
633.850418     
652.449441     
671.004316     
689.514848     
707.980843     
726.402104     
744.778435     
763.109639     
781.395519     
799.635872     
817.830499     
835.979196     
854.081757     
872.137977     
890.147645     
908.110550     
926.026478     
943.895214     
961.716538     
979.490229     
997.216063     
1014.893812    
1032.523245    
1050.104131    
1067.636231    
1085.119306    
1102.553113    
1119.937404    
1137.271929    
1154.556433    
1171.790658    
1188.974342    
1206.107217    
1223.189013    
1240.219454    
1257.198260    
1274.125147    
1290.999825    
1307.822000    
1324.591371    
1341.307633    
1357.970477    
1374.579585    
1391.134635    
1407.635300    
1424.081245    
1440.472128    
1456.807603    
1473.087314    
1489.310900    
1505.477993    
1521.588214    
1537.641180    
1553.636499    
1569.573767    
1585.452577    
1601.272508    
1617.033132    
1632.734010    
1648.374695    
1663.954726    
1679.473633    
1694.930935    
1710.326138    
1725.658736    
1740.928211    
1756.134029    
1771.275645    
1786.352497    
1801.364009    
1816.309588    
1831.188625    
1846.000494    
1860.744548    
1875.420124    
1890.026536    
1904.563079    
1919.029023    
1933.423618    
1947.746086    
1961.995624    
1976.171401    
1990.272557    
2004.298201    
2018.247410    
2032.119226    
2045.912651    
2059.626652    
2073.260152    
2086.812029    
2100.281114    
2113.666186    
2126.965968    
2140.179128    
2153.304265    
2166.339912    
2179.284529    
2192.136493    
2204.894094    
2217.555527    
2230.118886    
2242.582149    
2254.943175    
2267.199692    
2279.349291    
2291.389421    
2303.317388    
2315.130369    
2326.825426    
2338.399540    
2349.849648    
2361.172679    
2372.365573    
2383.425246    
2394.348466    
2405.131619    
2415.770313    
2426.258856    
2436.589590    
2446.752139    
2456.732531    
2466.512116    
2476.066036    
2485.360661    
2494.348591    
2502.958118    
2511.079379    
2518.632162    
2525.912680    
2533.572908    
2541.871593    
2550.726697    
2560.040374    
2569.751789    
2579.822524    
2590.226357    
2600.944336    
2611.962235    
2623.269105    
2634.856377    
2646.717282    
2658.846454    
2671.239648    
2683.893542    
2696.805581    
2709.973865    
2723.397062    
2737.074339    
2751.005305    
2765.189975    
2779.628726    
2794.322278    
2809.271668    
2824.478233    
2839.943596    
2855.669659    
2871.658588    
2887.912816    
2904.435033    
2921.228190    
2938.295493    
2955.640411    
2973.266677    
2991.178293    
3009.379537    
3027.874971    
3046.669449    
3065.768132    
3085.176496    
3104.900350    
3124.945850    
3145.319521    
3166.028273    
3187.079426    
3208.480736    
3230.240422    
3252.367197    
3274.870307    
3297.759564    
3321.045394    
3344.738883    
3368.851832    
3393.396821    
3418.387269    
3443.837522    
3469.762931    
3496.179955    
3523.106271    
3550.560906    
3578.564377    
3607.138866    
3636.308412    
3666.099138    
3696.539518    
3727.660685    
3759.496800    
3792.085491    
3825.468378    
3859.691707    
3894.807123    
3930.872628    
3967.953761    
4006.125097    
4045.472153    
4086.093854    
4128.105793    
4171.644594    
4216.873904    
4263.992840    
4313.248226    
4364.953017    
4419.515247    
4477.486091    
4539.645459    
4607.169498    
4682.005120    
4767.900357    
4874.575321    
