2.229993       
4.133892       
6.072532       
8.028274       
9.993838       
11.965610      
13.941564      
15.920539      
17.902676      
19.894429      
21.924888      
24.058918      
26.367789      
28.889271      
31.630693      
34.588144      
37.756128      
41.129998      
44.706143      
48.481760      
52.454606      
56.622831      
60.984852      
65.539270      
70.284813      
75.220299      
80.344603      
85.656639      
91.155345      
96.839668      
102.708563     
108.760979     
114.995860     
121.412136     
128.008723     
134.784522     
141.738415     
148.869262     
156.175905     
163.657162     
171.311829     
179.138679     
187.136462     
195.303903     
203.639704     
212.142542     
220.811070     
229.643918     
238.639690     
247.796967     
257.114304     
266.590234     
276.223264     
286.011880     
295.954541     
306.049685     
316.295725     
326.691052     
337.234033     
347.923013     
358.756314     
369.732236     
380.849057     
392.105033     
403.498399     
415.027367     
426.690129     
438.484858     
450.409703     
462.462795     
474.642244     
486.946142     
499.372559     
511.919548     
524.585143     
537.367358     
550.264191     
563.273620     
576.393606     
589.622094     
602.957011     
616.396267     
629.937756     
643.579357     
657.318932     
671.154328     
685.083377     
699.103897     
713.213692     
727.410551     
741.692249     
756.056548     
770.501199     
785.023938     
799.622490     
814.294568     
829.037872     
843.850094     
858.728912     
873.671996     
888.677005     
903.741587     
918.863382     
934.040022     
949.269129     
964.548317     
979.875191     
995.247352     
1010.662390    
1026.117891    
1041.611433    
1057.140589    
1072.702926    
1088.296006    
1103.917386    
1119.564618    
1135.235252    
1150.926832    
1166.636900    
1182.362995    
1198.102652    
1213.853406    
1229.612789    
1245.378333    
1261.147567    
1276.918020    
1292.687223    
1308.452704    
1324.211993    
1339.962621    
1355.702121    
1371.428027    
1387.137875    
1402.829203    
1418.499553    
1434.146470    
1449.767502    
1465.360203    
1480.922128    
1496.450840    
1511.943905    
1527.398897    
1542.813393    
1558.184979    
1573.511246    
1588.789792    
1604.018224    
1619.194155    
1634.315208    
1649.379013    
1664.383210    
1679.325448    
1694.203385    
1709.014690    
1723.757042    
1738.428131    
1753.025658    
1767.547336    
1781.990888    
1796.354051    
1810.634574    
1824.830220    
1838.938763    
1852.957992    
1866.885710    
1880.719735    
1894.457897    
1908.098044    
1921.638037    
1935.075753    
1948.409088    
1961.635949    
1974.754265    
1987.761977    
2000.657047    
2013.437452    
2026.101189    
2038.646271    
2051.070732    
2063.372623    
2075.550014    
2087.600994    
2099.523674    
2111.316183    
2122.976669    
2134.503304    
2145.894278    
2157.147803    
2168.262112    
2179.235459    
2190.066120    
2200.752395    
2211.292604    
2221.685089    
2231.928217    
2242.020376    
2251.959978    
2261.745457    
2271.375273    
2280.847907    
2290.161865    
2299.315677    
2308.307897    
2317.137102    
2325.801895    
2334.300902    
2342.632774    
2350.796185    
2358.789835    
2366.612446    
2374.262767    
2381.739566    
2389.041640    
2396.167804    
2403.116899    
2409.887785    
2416.479346    
2422.890483    
2429.120118    
2435.167189    
2441.030648    
2446.709461    
2452.202603    
2457.509054    
2462.627794    
2467.557795    
2472.298016    
2476.847389    
2481.204804    
2485.369092    
2489.338994    
2493.113132    
2496.689950    
2500.067647    
2503.244068    
2506.216546    
2508.981644    
2511.534741    
2513.869276    
2515.975259    
2517.835562    
2519.409689    
2520.612772    
2521.784086    
2523.383246    
2525.370357    
2527.743196    
2530.573068    
2534.029578    
2538.574811    
