2.999655          3.000000          0.000115       
6.998275          7.000000          0.000246       
10.995790         11.000000         0.000383       
14.992201         15.000000         0.000520       
18.987506         19.000000         0.000658       
22.981705         23.000000         0.000795       
26.974797         27.000000         0.000933       
30.966783         31.000000         0.001072       
34.957662         35.000000         0.001210       
38.947432         39.000000         0.001348       
42.936095         43.000000         0.001486       
46.923649         47.000000         0.001624       
50.910093         51.000000         0.001763       
54.895428         55.000000         0.001901       
58.879653         59.000000         0.002040       
62.862768         63.000000         0.002178       
66.844772         67.000000         0.002317       
70.825672         71.000000         0.002455       
74.805527         75.000000         0.002593       
78.784776         79.000000         0.002724       
82.765900         83.000000         0.002820       
86.759303         87.000000         0.002767       
90.795573         91.000000         0.002246       
94.933652         95.000000         0.000698       
99.243962         99.000000         0.002464       
103.776868        103.000000        0.007542       
108.551989        107.000000        0.014505       
113.569331        111.000000        0.023147       
118.821707        115.000000        0.033232       
124.300886        119.000000        0.044545       
129.999557        123.000000        0.056907       
135.911648        127.000000        0.070170       
142.032180        131.000000        0.084215       
148.357034        135.000000        0.098941       
154.882751        139.000000        0.114264       
161.606375        143.000000        0.130115       
168.525333        147.000000        0.146431       
175.637348        151.000000        0.163161       
182.940371        155.000000        0.180260       
190.432536        159.000000        0.197689       
198.112114        163.000000        0.215412       
205.977491        167.000000        0.233398       
214.027140        171.000000        0.251621       
222.259603        175.000000        0.270055       
230.673479        179.000000        0.288679       
239.267410        183.000000        0.307472       
248.040073        187.000000        0.326418       
256.990171        191.000000        0.345498       
266.116425        195.000000        0.364700       
275.417573        199.000000        0.384008       
284.892362        203.000000        0.403411       
294.539546        207.000000        0.422896       
304.357882        211.000000        0.442454       
314.346127        215.000000        0.462075       
324.503038        219.000000        0.481749       
334.827367        223.000000        0.501468       
345.317863        227.000000        0.521224       
355.973266        231.000000        0.541010       
366.792310        235.000000        0.560818       
377.773722        239.000000        0.580643       
388.916216        243.000000        0.600478       
400.218498        247.000000        0.620318       
411.679264        251.000000        0.640156       
423.297198        255.000000        0.659989       
435.070971        259.000000        0.679811       
446.999245        263.000000        0.699617       
459.080665        267.000000        0.719403       
471.313868        271.000000        0.739166       
483.697476        275.000000        0.758900       
496.230097        279.000000        0.778602       
508.910328        283.000000        0.798270       
521.736751        287.000000        0.817898       
534.707935        291.000000        0.837484       
547.822435        295.000000        0.857025       
561.078795        299.000000        0.876518       
574.475543        303.000000        0.895959       
588.011193        307.000000        0.915346       
601.684248        311.000000        0.934676       
615.493195        315.000000        0.953947       
629.436511        319.000000        0.973155       
643.512655        323.000000        0.992299       
657.720076        327.000000        1.011376       
672.057210        331.000000        1.030384       
686.522479        335.000000        1.049321       
701.114290        339.000000        1.068184       
715.831040        343.000000        1.086971       
730.671113        347.000000        1.105680       
745.632878        351.000000        1.124310       
760.714695        355.000000        1.142858       
775.914908        359.000000        1.161323       
791.231850        363.000000        1.179702       
806.663844        367.000000        1.197994       
822.209198        371.000000        1.216197       
837.866209        375.000000        1.234310       
853.633163        379.000000        1.252330       
869.508334        383.000000        1.270257       
885.489984        387.000000        1.288088       
901.576366        391.000000        1.305822       
917.765720        395.000000        1.323458       
934.056275        399.000000        1.340993       
950.446251        403.000000        1.358427       
966.933855        407.000000        1.375759       
983.517285        411.000000        1.392986       
1000.194730       415.000000        1.410108       
1016.964367       419.000000        1.427123       
1033.824364       423.000000        1.444029       
1050.772879       427.000000        1.460826       
1067.808063       431.000000        1.477513       
1084.928053       435.000000        1.494087       
1102.130981       439.000000        1.510549       
1119.414969       443.000000        1.526896       
1136.778130       447.000000        1.543128       
1154.218569       451.000000        1.559243       
1171.734381       455.000000        1.575240       
1189.323656       459.000000        1.591119       
1206.984473       463.000000        1.606878       
1224.714906       467.000000        1.622516       
1242.513019       471.000000        1.638032       
1260.376872       475.000000        1.653425       
1278.304514       479.000000        1.668694       
1296.293990       483.000000        1.683838       
1314.343338       487.000000        1.698857       
1332.450589       491.000000        1.713749       
1350.613767       495.000000        1.728513       
1368.830891       499.000000        1.743148       
1387.099975       503.000000        1.757654       
1405.419025       507.000000        1.772030       
1423.786045       511.000000        1.786274       
1442.199030       515.000000        1.800386       
1460.655972       519.000000        1.814366       
1479.154860       523.000000        1.828212       
1497.693675       527.000000        1.841923       
1516.270396       531.000000        1.855500       
1534.882998       535.000000        1.868940       
1553.529451       539.000000        1.882244       
1572.207721       543.000000        1.895410       
1590.915771       547.000000        1.908438       
1609.651564       551.000000        1.921328       
1628.413054       555.000000        1.934078       
1647.198197       559.000000        1.946687       
1666.004945       563.000000        1.959156       
1684.831246       567.000000        1.971484       
1703.675049       571.000000        1.983669       
1722.534299       575.000000        1.995712       
1741.406940       579.000000        2.007611       
1760.290914       583.000000        2.019367       
1779.184163       587.000000        2.030978       
1798.084626       591.000000        2.042444       
1816.990244       595.000000        2.053765       
1835.898954       599.000000        2.064940       
1854.808695       603.000000        2.075968       
1873.717407       607.000000        2.086849       
1892.623026       611.000000        2.097583       
1911.523493       615.000000        2.108168       
1930.416747       619.000000        2.118605       
1949.300728       623.000000        2.128894       
1968.173376       627.000000        2.139032       
1987.032635       631.000000        2.149022       
2005.876449       635.000000        2.158861       
2024.702762       639.000000        2.168549       
2043.509522       643.000000        2.178086       
2062.294680       647.000000        2.187472       
2081.056186       651.000000        2.196707       
2099.791995       655.000000        2.205789       
2118.500065       659.000000        2.214719       
2137.178356       663.000000        2.223497       
2155.824830       667.000000        2.232121       
2174.437455       671.000000        2.240592       
2193.014202       675.000000        2.248910       
2211.553044       679.000000        2.257074       
2230.051960       683.000000        2.265083       
2248.508934       687.000000        2.272939       
2266.921951       691.000000        2.280640       
2285.289005       695.000000        2.288186       
2303.608092       699.000000        2.295577       
2321.877215       703.000000        2.302813       
2340.094380       707.000000        2.309893       
2358.257602       711.000000        2.316818       
2376.364898       715.000000        2.323587       
2394.414294       719.000000        2.330201       
2412.403822       723.000000        2.336658       
2430.331518       727.000000        2.342959       
2448.195428       731.000000        2.349105       
2465.993601       735.000000        2.355093       
2483.724097       739.000000        2.360926       
2501.384981       743.000000        2.366602       
2518.974326       747.000000        2.372121       
2536.490212       751.000000        2.377484       
2553.930728       755.000000        2.382690       
2571.293971       759.000000        2.387739       
2588.578046       763.000000        2.392632       
2605.781065       767.000000        2.397368       
2622.901151       771.000000        2.401947       
2639.936436       775.000000        2.406370       
2656.885058       779.000000        2.410636       
2673.745167       783.000000        2.414745       
2690.514922       787.000000        2.418697       
2707.192492       791.000000        2.422494       
2723.776054       795.000000        2.426133       
2740.263797       799.000000        2.429617       
2756.653919       803.000000        2.432944       
2772.944629       807.000000        2.436115       
2789.134147       811.000000        2.439130       
2805.220701       815.000000        2.441989       
2821.202535       819.000000        2.444692       
2837.077899       823.000000        2.447239       
2852.845057       827.000000        2.449631       
2868.502285       831.000000        2.451868       
2884.047867       835.000000        2.453950       
2899.480103       839.000000        2.455876       
2914.797303       843.000000        2.457648       
2929.997789       847.000000        2.459265       
2945.079894       851.000000        2.460728       
2960.041967       855.000000        2.462037       
2974.882366       859.000000        2.463193       
2989.599463       863.000000        2.464194       
3004.191643       867.000000        2.465042       
3018.657303       871.000000        2.465737       
3032.994855       875.000000        2.466280       
3047.202722       879.000000        2.466670       
3061.279341       883.000000        2.466908       
3075.223163       887.000000        2.466993       
3089.032652       891.000000        2.466928       
3102.706285       895.000000        2.466711       
3116.242554       899.000000        2.466343       
3129.639964       903.000000        2.465825       
3142.897033       907.000000        2.465157       
3156.012295       911.000000        2.464338       
3168.984295       915.000000        2.463371       
3181.811596       919.000000        2.462254       
3194.492770       923.000000        2.460989       
3207.026407       927.000000        2.459575       
3219.411109       931.000000        2.458014       
3231.645493       935.000000        2.456305       
3243.728188       939.000000        2.454450       
3255.657840       943.000000        2.452447       
3267.433106       947.000000        2.450299       
3279.052656       951.000000        2.448005       
3290.515177       955.000000        2.445566       
3301.819366       959.000000        2.442982       
3312.963934       963.000000        2.440253       
3323.947605       967.000000        2.437381       
3334.769115       971.000000        2.434366       
3345.427212       975.000000        2.431207       
3355.920656       979.000000        2.427907       
3366.248219       983.000000        2.424464       
3376.408680       987.000000        2.420880       
3386.400832       991.000000        2.417155       
3396.223473       995.000000        2.413290       
3405.875413       999.000000        2.409285       
3415.355465       1003.000000       2.405140       
3424.662450       1007.000000       2.400856       
3433.795194       1011.000000       2.396434       
3442.752522       1015.000000       2.391874       
3451.533263       1019.000000       2.387177       
3460.136243       1023.000000       2.382342       
3468.560284       1027.000000       2.377371       
3476.804199       1031.000000       2.372264       
3484.866793       1035.000000       2.367021       
3492.746853       1039.000000       2.361643       
3500.443146       1043.000000       2.356130       
3507.954414       1047.000000       2.350482       
3515.279366       1051.000000       2.344700       
3522.416666       1055.000000       2.338784       
3529.364930       1059.000000       2.332734       
3536.122706       1063.000000       2.326550       
3542.688465       1067.000000       2.320233       
3549.060578       1071.000000       2.313782       
3555.237299       1075.000000       2.307197       
3561.216726       1079.000000       2.300479       
3566.996778       1083.000000       2.293626       
3572.575135       1087.000000       2.286638       
3577.949190       1091.000000       2.279513       
3583.115958       1095.000000       2.272252       
3588.071977       1099.000000       2.264852       
3592.813151       1103.000000       2.257310       
3597.334547       1107.000000       2.249625       
3601.630078       1111.000000       2.241791       
3605.692027       1115.000000       2.233805       
3609.510275       1119.000000       2.225657       
3613.070946       1123.000000       2.217338       
3616.353771       1127.000000       2.208832       
3619.326269       1131.000000       2.200112       
3621.936550       1135.000000       2.191134       
3624.209195       1139.000000       2.181922       
3626.525472       1143.000000       2.172813       
3629.221212       1147.000000       2.164099       
3632.304350       1151.000000       2.155781       
3635.741308       1155.000000       2.147828       
3639.521289       1159.000000       2.140225       
3643.648822       1163.000000       2.132974       
3648.140150       1167.000000       2.126084       
3653.023126       1171.000000       2.119576       
3658.339471       1175.000000       2.113480       
3664.149865       1179.000000       2.107846       
3670.543785       1183.000000       2.102742       
3677.659305       1187.000000       2.098281       
3685.727688       1191.000000       2.094650       
3695.196121       1195.000000       2.092214       
3707.223368       1199.000000       2.091929       
