2.250000   -1.464015   9.765512   1.928990   0.171890   0.679807   53.387445   23.727753
2.260000   -1.444477   10.466280   2.049158   -0.040558   0.646159   70.735029   31.298685
2.270000   -1.422822   11.183112   2.170256   0.051082   0.600859   97.570712   42.982693
2.280000   -1.401302   11.444033   2.201453   0.003044   0.554940   116.973966   51.304371
2.290000   -1.378130   11.566457   2.205613   0.004219   0.497742   137.353980   59.979904
2.300000   -1.357283   11.225963   2.122110   0.001170   0.449114   143.964095   62.593085
2.310000   -1.336793   10.629187   1.991939   -0.013416   0.399995   142.384876   61.638475
2.320000   -1.317510   9.907772   1.840772   0.005570   0.354093   135.239643   58.292949
2.330000   -1.299783   9.206327   1.695800   0.006077   0.315848   123.099448   52.832381
2.340000   -1.283392   8.563224   1.563888   -0.007899   0.281153   110.031880   47.022171
2.350000   -1.268381   8.052147   1.458062   0.000924   0.254085   97.491700   41.485830
