2.250000   -1.466204   9.139914   1.805415   0.028473   0.692180   31.342723   13.930099
2.260000   -1.447431   9.697420   1.898626   -0.024153   0.664118   39.328140   17.401832
2.270000   -1.427825   10.123106   1.964545   0.011763   0.632893   47.450176   20.903161
2.280000   -1.408825   10.401237   2.000853   -0.010078   0.602740   54.024478   23.694947
2.290000   -1.387473   10.578078   2.017139   0.012246   0.563128   62.195873   27.159770
2.300000   -1.368358   10.548136   1.993977   -0.006829   0.530202   66.424131   28.880057
2.310000   -1.348602   10.410803   1.951013   0.000073   0.494232   69.552845   30.109457
2.320000   -1.329180   10.098123   1.876138   0.013913   0.456997   71.208181   30.693181
2.330000   -1.311052   9.765662   1.798829   0.002028   0.424390   70.890635   30.425165
2.340000   -1.293068   9.252004   1.689679   -0.000618   0.390456   68.533519   29.287829
2.350000   -1.276984   8.815738   1.596331   -0.002828   0.362469   65.592866   27.911858
