2.250000   -1.463419   10.172188   2.009321   -0.154033   0.674110   82.104810   36.491027
2.260000   -1.441748   11.580454   2.267298   -0.037647   0.624351   156.867445   69.410374
2.270000   -1.418231   12.543704   2.434300   0.082490   0.561064   235.755221   103.856926
2.280000   -1.394075   12.917125   2.484827   0.001631   0.483290   327.777164   143.761914
2.290000   -1.369662   12.142206   2.315403   0.005351   0.400686   345.185277   150.735929
2.300000   -1.347573   10.967661   2.073282   0.014825   0.325712   325.464591   141.506344
2.310000   -1.327570   9.806366   1.837740   0.006543   0.263843   272.823619   118.105463
2.320000   -1.310750   8.986040   1.669523   0.005154   0.228702   223.691760   96.418862
2.330000   -1.294418   8.362283   1.540327   0.000953   0.194640   178.802970   76.739472
2.340000   -1.279461   7.902345   1.443193   0.000532   0.169202   142.174952   60.758527
2.350000   -1.265468   7.533544   1.364155   0.002116   0.150757   116.898859   49.744195
