2.250000   -1.463838   9.992869   1.973900   -0.269235   0.676820   69.394501   30.842000
2.260000   -1.442611   11.037993   2.161092   0.199065   0.633328   107.820499   47.708186
2.270000   -1.420245   11.841728   2.298071   -0.091469   0.579878   157.522742   69.393278
2.280000   -1.396559   12.260455   2.358505   -0.063267   0.515122   205.784061   90.256167
2.290000   -1.372829   12.003385   2.288931   -0.013646   0.445838   232.383730   101.477612
2.300000   -1.351059   11.287683   2.133778   0.007455   0.382310   235.879913   102.556484
2.310000   -1.330922   10.303456   1.930896   0.000036   0.325870   215.568263   93.319594
2.320000   -1.312353   9.386079   1.743846   0.003732   0.278715   186.251485   80.280812
2.330000   -1.295695   8.715735   1.605433   -0.000019   0.242083   159.994177   68.667029
2.340000   -1.280630   8.135820   1.485832   0.001098   0.214723   134.925718   57.660563
2.350000   -1.266097   7.696802   1.393717   0.001254   0.191032   112.380959   47.821685
