0.08233952522277832
0.08301162719726562
0.08536887168884277
0.08521389961242676
0.08244895935058594
0.08226776123046875
0.08342242240905762
0.08505964279174805
0.08255290985107422
0.08365011215209961
0.08313584327697754
0.08438539505004883
0.08391666412353516
0.08471179008483887
0.08193516731262207
0.08449411392211914
0.08303642272949219
0.08212804794311523
0.0824425220489502
0.08152365684509277
0.08512997627258301
0.08477783203125
0.0819849967956543
0.08355593681335449
0.08462738990783691
0.0828547477722168
0.08263874053955078
0.08454704284667969
0.08240127563476562
0.08226656913757324
0.08341121673583984
0.08286905288696289
0.08489251136779785
0.08135771751403809
0.08241939544677734
0.08179998397827148
0.08412361145019531
0.08344388008117676
0.08356904983520508
0.08264327049255371
0.08582282066345215
0.08657598495483398
0.08298182487487793
0.08264660835266113
0.08622241020202637
0.08262300491333008
0.08308196067810059
0.08191680908203125
0.08208250999450684
0.08280706405639648
0.08226871490478516
0.08239221572875977
0.08385491371154785
0.08163881301879883
0.08362054824829102
0.0840451717376709
0.0820612907409668
0.08476638793945312
0.08521556854248047
0.08394408226013184
0.0816044807434082
0.08381152153015137
0.08194136619567871
0.08414077758789062
0.08347892761230469
0.08422541618347168
0.08346772193908691
0.08215117454528809
0.08402681350708008
0.08562827110290527
0.08298826217651367
0.0821232795715332
0.08266925811767578
0.08290505409240723
0.08242917060852051
0.08169913291931152
0.08365607261657715
0.08272385597229004
0.08355236053466797
0.0821077823638916
0.08253717422485352
0.08236527442932129
0.08207225799560547
0.08232402801513672
0.08324313163757324
0.08261370658874512
0.08338403701782227
0.08280801773071289
0.08159708976745605
0.08290791511535645
0.08256745338439941
0.08183908462524414
0.08322954177856445
0.08224701881408691
0.0842125415802002
0.08208990097045898
0.08376431465148926
0.08359837532043457
0.08382606506347656
0.0832517147064209
0.0814061164855957
0.08171463012695312
0.08329033851623535
0.08318233489990234
0.08324265480041504
0.0817415714263916
0.08276224136352539
0.08123230934143066
0.08492851257324219
0.08195757865905762
0.09006094932556152
0.08292222023010254
0.08236050605773926
0.08278250694274902
0.0822305679321289
0.08415412902832031
0.08279800415039062
0.08190441131591797
0.0833885669708252
0.08199858665466309
0.08419346809387207
0.0835263729095459
0.08351540565490723
0.08270001411437988
0.08346867561340332
0.08249330520629883
0.08239483833312988
0.08350777626037598
0.08263993263244629
0.08206439018249512
0.0832221508026123
0.08277463912963867
0.08289480209350586
0.08243775367736816
0.0815591812133789
0.08249378204345703
0.08382129669189453
0.08237528800964355
0.0832509994506836
0.08225584030151367
0.08389687538146973
0.0823204517364502
0.08361005783081055
0.08132576942443848
0.08406734466552734
0.08235979080200195
0.08303403854370117
0.08449077606201172
0.0839986801147461
0.08339428901672363
0.08419036865234375
0.08249592781066895
0.08295011520385742
0.08184480667114258
0.0850532054901123
0.08376502990722656
0.0855867862701416
0.08173012733459473
0.08241653442382812
0.08210992813110352
0.08376288414001465
0.08210611343383789
0.08278584480285645
0.0834188461303711
0.08220195770263672
0.08204841613769531
0.08237290382385254
0.0834512710571289
0.08283329010009766
0.08268046379089355
0.08417797088623047
0.08266472816467285
0.08275794982910156
0.08340144157409668
0.08269095420837402
0.08231663703918457
0.08167409896850586
0.08169770240783691
0.08359885215759277
0.08751153945922852
0.08423948287963867
0.08215475082397461
0.08331990242004395
0.08190703392028809
0.0837399959564209
0.0818326473236084
0.0829925537109375
0.08301448822021484
0.0823068618774414
0.08153367042541504
0.08306193351745605
0.08153009414672852
0.08259868621826172
0.08343124389648438
0.08365106582641602
0.08156609535217285
0.08280110359191895
0.08164238929748535
0.08481931686401367
0.08380293846130371
