98.050007         3.000000          31.683336      
392.138822        7.000000          55.019832      
882.286847        11.000000         79.207895      
1568.494081       15.000000         103.566272     
2450.760526       19.000000         127.987396     
3529.086180       23.000000         152.438530     
4803.471044       27.000000         176.906335     
6273.915118       31.000000         201.384359     
7940.418402       35.000000         225.869097     
9802.980896       39.000000         250.358485     
11861.602600      43.000000         274.851223     
14116.283513      47.000000         299.346458     
16567.023637      51.000000         323.843601     
19213.822970      55.000000         348.342236     
22056.681514      59.000000         372.842060     
25095.599267      63.000000         397.342846     
28330.576230      67.000000         421.844421     
31761.612403      71.000000         446.346654     
35388.707786      75.000000         470.849437     
39211.862378      79.000000         495.352688     
43231.076181      83.000000         519.856340     
47446.349193      87.000000         544.360336     
51857.681416      91.000000         568.864631     
56465.072848      95.000000         593.369188     
61268.523490      99.000000         617.873975     
66268.033342      103.000000        642.378964     
71463.602404      107.000000        666.884135     
76855.230676      111.000000        691.389466     
82442.918157      115.000000        715.894940     
88226.664849      119.000000        740.400545     
94206.470750      123.000000        764.906266     
100382.335861     127.000000        789.412093     
106754.260182     131.000000        813.918017     
113322.243713     135.000000        838.424028     
120086.286454     139.000000        862.930118     
127046.388405     143.000000        887.436283     
134202.549566     147.000000        911.942514     
141554.769936     151.000000        936.448808     
149103.049517     155.000000        960.955158     
156847.388307     159.000000        985.461562     
164787.786307     163.000000        1009.968014    
172924.243517     167.000000        1034.474512    
181256.759937     171.000000        1058.981052    
189785.335567     175.000000        1083.487632    
198509.970407     179.000000        1107.994248    
207430.664457     183.000000        1132.500899    
216547.417716     187.000000        1157.007581    
225860.230185     191.000000        1181.514294    
235369.101865     195.000000        1206.021035    
245074.032754     199.000000        1230.527803    
254975.022853     203.000000        1255.034595    
265072.072162     207.000000        1279.541411    
275365.180680     211.000000        1304.048250    
285854.348409     215.000000        1328.555109    
296539.575348     219.000000        1353.061988    
307420.861496     223.000000        1377.568886    
318498.206854     227.000000        1402.075801    
329771.611422     231.000000        1426.582733    
341241.075201     235.000000        1451.089682    
352906.598188     239.000000        1475.596645    
364768.180386     243.000000        1500.103623    
376825.821794     247.000000        1524.610615    
389079.522412     251.000000        1549.117619    
401529.282239     255.000000        1573.624636    
414175.101276     259.000000        1598.131665    
427016.979524     263.000000        1622.638705    
440054.916981     267.000000        1647.145756    
453288.913648     271.000000        1671.652818    
466718.969525     275.000000        1696.159889    
480345.084611     279.000000        1720.666970    
494167.258908     283.000000        1745.174060    
508185.492415     287.000000        1769.681158    
522399.785131     291.000000        1794.188265    
536810.137057     295.000000        1818.695380    
551416.548193     299.000000        1843.202502    
566219.018539     303.000000        1867.709632    
581217.548095     307.000000        1892.216769    
596412.136861     311.000000        1916.723913    
611802.784837     315.000000        1941.231063    
627389.492022     319.000000        1965.738220    
643172.258418     323.000000        1990.245382    
659151.084023     327.000000        2014.752551    
675325.968838     331.000000        2039.259725    
691696.912864     335.000000        2063.766904    
708263.916099     339.000000        2088.274089    
725026.978543     343.000000        2112.781279    
741986.100198     347.000000        2137.288473    
759141.281063     351.000000        2161.795673    
776492.521137     355.000000        2186.302876    
794039.820422     359.000000        2210.810085    
811783.178916     363.000000        2235.317297    
829722.596620     367.000000        2259.824514    
847858.073534     371.000000        2284.331735    
866189.609658     375.000000        2308.838959    
884717.204992     379.000000        2333.346187    
903440.859535     383.000000        2357.853419    
922360.573289     387.000000        2382.360654    
941476.346252     391.000000        2406.867893    
960788.178426     395.000000        2431.375135    
980296.069809     399.000000        2455.882380    
