24.832643         3.000000          7.277548       
99.088261         7.000000          13.155466      
222.847569        11.000000         19.258870      
396.110605        15.000000         25.407374      
618.877368        19.000000         31.572493      
891.147856        23.000000         37.745559      
1212.922069       27.000000         43.923040      
1584.200007       31.000000         50.103226      
2004.981671       35.000000         56.285191      
2475.267060       39.000000         62.468386      
2995.056174       43.000000         68.652469      
3564.349013       47.000000         74.837213      
4183.145578       51.000000         81.022462      
4851.445867       55.000000         87.208107      
5569.249882       59.000000         93.394066      
6336.557622       63.000000         99.580280      
7153.369087       67.000000         105.766703     
8019.684277       71.000000         111.953300     
8935.503193       75.000000         118.140043     
9900.825833       79.000000         124.326909     
10915.652199      83.000000         130.513882     
11979.982290      87.000000         136.700946     
13093.816106      91.000000         142.888089     
14257.153647      95.000000         149.075302     
15469.994913      99.000000         155.262575     
16732.339905      103.000000        161.449902     
18044.188621      107.000000        167.637277     
19405.541063      111.000000        173.824694     
20816.397230      115.000000        180.012150     
22276.757122      119.000000        186.199640     
23786.620739      123.000000        192.387160     
25345.988082      127.000000        198.574709     
26954.859149      131.000000        204.762284     
28613.233942      135.000000        210.949881     
30321.112460      139.000000        217.137500     
32078.494703      143.000000        223.325138     
33885.380671      147.000000        229.512794     
35741.770364      151.000000        235.700466     
37647.663783      155.000000        241.888153     
39603.060926      159.000000        248.075855     
41607.961795      163.000000        254.263569     
43662.366389      167.000000        260.451296     
45766.274708      171.000000        266.639033     
47919.686752      175.000000        272.826781     
50122.602522      179.000000        279.014539     
52375.022016      183.000000        285.202306     
54676.945236      187.000000        291.390081     
57028.372181      191.000000        297.577865     
59429.302851      195.000000        303.765656     
61879.737246      199.000000        309.953453     
64379.675367      203.000000        316.141258     
66929.117212      207.000000        322.329069     
69528.062783      211.000000        328.516885     
72176.512078      215.000000        334.704707     
74874.465099      219.000000        340.892535     
77621.921846      223.000000        347.080367     
80418.882317      227.000000        353.268204     
83265.346513      231.000000        359.456046     
86161.314435      235.000000        365.643891     
89106.786082      239.000000        371.831741     
92101.761453      243.000000        378.019594     
95146.240551      247.000000        384.207452     
98240.223373      251.000000        390.395312     
101383.709920     255.000000        396.583176     
104576.700193     259.000000        402.771043     
107819.194190     263.000000        408.958913     
111111.191913     267.000000        415.146786     
114452.693361     271.000000        421.334662     
117843.698534     275.000000        427.522540     
121284.207433     279.000000        433.710421     
124774.220056     283.000000        439.898304     
128313.736405     287.000000        446.086190     
131902.756478     291.000000        452.274077     
135541.280277     295.000000        458.461967     
139229.307801     299.000000        464.649859     
142966.839051     303.000000        470.837753     
146753.874025     307.000000        477.025648     
150590.412724     311.000000        483.213546     
154476.455149     315.000000        489.401445     
158412.001299     319.000000        495.589346     
162397.051174     323.000000        501.777248     
166431.604774     327.000000        507.965152     
170515.662099     331.000000        514.153058     
174649.223150     335.000000        520.340965     
178832.287926     339.000000        526.528873     
183064.856426     343.000000        532.716783     
187346.928652     347.000000        538.904694     
191678.504603     351.000000        545.092606     
196059.584280     355.000000        551.280519     
200490.167681     359.000000        557.468434     
204970.254808     363.000000        563.656349     
209499.845659     367.000000        569.844266     
214078.940236     371.000000        576.032184     
218707.538538     375.000000        582.220103     
223385.640565     379.000000        588.408023     
228113.246318     383.000000        594.595943     
232890.355795     387.000000        600.783865     
237716.968998     391.000000        606.971788     
242593.085926     395.000000        613.159711     
247518.706579     399.000000        619.347636     
252493.830957     403.000000        625.535561     
257518.459060     407.000000        631.723487     
262592.590888     411.000000        637.911413     
267716.226442     415.000000        644.099341     
272889.365721     419.000000        650.287269     
278112.008725     423.000000        656.475198     
283384.155454     427.000000        662.663128     
288705.805908     431.000000        668.851058     
294076.960087     435.000000        675.038989     
299497.617992     439.000000        681.226920     
304967.779621     443.000000        687.414852     
310487.444976     447.000000        693.602785     
316056.614056     451.000000        699.790719     
321675.286861     455.000000        705.978652     
327343.463392     459.000000        712.166587     
333061.143647     463.000000        718.354522     
338828.327628     467.000000        724.542457     
344645.015333     471.000000        730.730393     
350511.206764     475.000000        736.918330     
356426.901920     479.000000        743.106267     
362392.100802     483.000000        749.294205     
368406.803408     487.000000        755.482143     
374471.009739     491.000000        761.670081     
380584.719796     495.000000        767.858020     
386747.933578     499.000000        774.045959     
392960.651085     503.000000        780.233899     
399222.872317     507.000000        786.421839     
405534.597274     511.000000        792.609779     
411895.825957     515.000000        798.797720     
418306.558364     519.000000        804.985662     
424766.794497     523.000000        811.173603     
431276.534355     527.000000        817.361545     
437835.777938     531.000000        823.549488     
444444.525246     535.000000        829.737430     
451102.776280     539.000000        835.925373     
457810.531038     543.000000        842.113317     
464567.789522     547.000000        848.301261     
471374.551731     551.000000        854.489205     
478230.817665     555.000000        860.677149     
485136.587324     559.000000        866.865094     
492091.860708     563.000000        873.053039     
499096.637818     567.000000        879.240984     
506150.918653     571.000000        885.428929     
513254.703212     575.000000        891.616875     
520407.991497     579.000000        897.804821     
527610.783507     583.000000        903.992768     
534863.079243     587.000000        910.180714     
542164.878703     591.000000        916.368661     
549516.181889     595.000000        922.556608     
556916.988799     599.000000        928.744556     
564367.299435     603.000000        934.932503     
571867.113796     607.000000        941.120451     
579416.431882     611.000000        947.308399     
587015.253694     615.000000        953.496347     
594663.579230     619.000000        959.684296     
602361.408492     623.000000        965.872245     
610108.741479     627.000000        972.060194     
617905.578191     631.000000        978.248143     
625751.918628     635.000000        984.436092     
633647.762790     639.000000        990.624042     
641593.110677     643.000000        996.811992     
649587.962290     647.000000        1002.999942    
657632.317628     651.000000        1009.187892    
665726.176691     655.000000        1015.375842    
673869.539479     659.000000        1021.563793    
682062.405992     663.000000        1027.751744    
690304.776230     667.000000        1033.939694    
698596.650194     671.000000        1040.127646    
706938.027883     675.000000        1046.315597    
715328.909296     679.000000        1052.503548    
723769.294435     683.000000        1058.691500    
732259.183299     687.000000        1064.879452    
740798.575889     691.000000        1071.067404    
749387.472203     695.000000        1077.255356    
758025.872243     699.000000        1083.443308    
766713.776008     703.000000        1089.631260    
775451.183497     707.000000        1095.819213    
784238.094713     711.000000        1102.007166    
793074.509653     715.000000        1108.195118    
801960.428318     719.000000        1114.383071    
810895.850709     723.000000        1120.571024    
819880.776824     727.000000        1126.758978    
828915.206665     731.000000        1132.946931    
837999.140231     735.000000        1139.134885    
847132.577522     739.000000        1145.322838    
856315.518539     743.000000        1151.510792    
865547.963280     747.000000        1157.698746    
874829.911747     751.000000        1163.886700    
884161.363939     755.000000        1170.074654    
893542.319855     759.000000        1176.262609    
902972.779498     763.000000        1182.450563    
912452.742865     767.000000        1188.638517    
921982.209957     771.000000        1194.826472    
931561.180775     775.000000        1201.014427    
941189.655317     779.000000        1207.202382    
950867.633585     783.000000        1213.390337    
960595.115578     787.000000        1219.578292    
970372.101297     791.000000        1225.766247    
980198.590740     795.000000        1231.954202    
990074.583909     799.000000        1238.142158    
