8264.463052       3.000000          2753.821017    
33057.851482      7.000000          4721.550212    
74380.165531      11.000000         6760.833230    
132231.405201     15.000000         8814.427013    
206611.570490     19.000000         10873.293184   
297520.661399     23.000000         12934.680930   
404958.677928     27.000000         14997.469553   
528925.620077     31.000000         17061.116777   
669421.487845     35.000000         19125.328224   
826446.281234     39.000000         21189.930288   
