15.998683         3.000000          4.332894       
63.617091         7.000000          8.088156       
142.980892        11.000000         11.998263      
254.090233        15.000000         15.939349      
396.945105        19.000000         19.891848      
571.545507        23.000000         23.849805      
777.891437        27.000000         27.810794      
1015.982895       31.000000         31.773642      
1285.819881       35.000000         35.737711      
1587.402396       39.000000         39.702626      
1920.730438       43.000000         43.668150      
2285.804008       47.000000         47.634128      
2682.623106       51.000000         51.600453      
3111.187732       55.000000         55.567050      
3571.497886       59.000000         59.533862      
4063.553567       63.000000         63.500850      
4587.354777       67.000000         67.467982      
5142.901514       71.000000         71.435233      
5730.193779       75.000000         75.402584      
6349.231572       79.000000         79.370020      
7000.014893       83.000000         83.337529      
7682.543742       87.000000         87.305100      
8396.818118       91.000000         91.272727      
9142.838023       95.000000         95.240400      
9920.603455       99.000000         99.208116      
10730.114415      103.000000        103.175868     
11571.370903      107.000000        107.143653     
12444.372919      111.000000        111.111468     
13349.120463      115.000000        115.079308     
14285.613534      119.000000        119.047173     
15253.852133      123.000000        123.015058     
16253.836261      127.000000        126.982963     
17285.565916      131.000000        130.950885     
18349.041099      135.000000        134.918823     
19444.261809      139.000000        138.886776     
20571.228048      143.000000        142.854742     
21729.939815      147.000000        146.822720     
22920.397109      151.000000        150.790709     
24142.599931      155.000000        154.758709     
25396.548281      159.000000        158.726719     
26682.242159      163.000000        162.694737     
27999.681565      167.000000        166.662764     
29348.866498      171.000000        170.630798     
30729.796960      175.000000        174.598840     
32142.472949      179.000000        178.566888     
33586.894466      183.000000        182.534942     
35063.061511      187.000000        186.503003     
36570.974084      191.000000        190.471069     
38110.632184      195.000000        194.439139     
39682.035813      199.000000        198.407215     
41285.184969      203.000000        202.375295     
42920.079654      207.000000        206.343380     
44586.719866      211.000000        210.311469     
46285.105606      215.000000        214.279561     
48015.236873      219.000000        218.247657     
49777.113669      223.000000        222.215756     
51570.735992      227.000000        226.183859     
53396.103844      231.000000        230.151965     
55253.217223      235.000000        234.120073     
57142.076130      239.000000        238.088185     
59062.680565      243.000000        242.056299     
61015.030527      247.000000        246.024415     
62999.126018      251.000000        249.992534     
65014.967036      255.000000        253.960655     
67062.553583      259.000000        257.928778     
69141.885657      263.000000        261.896904     
71252.963259      267.000000        265.865031     
73395.786388      271.000000        269.833160     
75570.355046      275.000000        273.801291     
77776.669231      279.000000        277.769424     
80014.728945      283.000000        281.737558     
82284.534186      287.000000        285.705694     
84586.084955      291.000000        289.673831     
86919.381252      295.000000        293.641970     
89284.423077      299.000000        297.610111     
91681.210429      303.000000        301.578252     
94109.743310      307.000000        305.546395     
96570.021718      311.000000        309.514539     
99062.045654      315.000000        313.482685     
101585.815118     319.000000        317.450831     
104141.330110     323.000000        321.418979     
106728.590630     327.000000        325.387127     
109347.596677     331.000000        329.355277     
111998.348252     335.000000        333.323428     
114680.845356     339.000000        337.291579     
117395.087987     343.000000        341.259732     
120141.076146     347.000000        345.227885     
122918.809832     351.000000        349.196039     
125728.289047     355.000000        353.164194     
128569.513790     359.000000        357.132350     
131442.484060     363.000000        361.100507     
134347.199858     367.000000        365.068664     
137283.661184     371.000000        369.036823     
140251.868038     375.000000        373.004981     
143251.820420     379.000000        376.973141     
146283.518329     383.000000        380.941301     
149346.961767     387.000000        384.909462     
152442.150732     391.000000        388.877623     
155569.085225     395.000000        392.845785     
158727.765246     399.000000        396.813948     
161918.190795     403.000000        400.782111     
165140.361871     407.000000        404.750275     
168394.278476     411.000000        408.718439     
171679.940608     415.000000        412.686604     
174997.348268     419.000000        416.654769     
178346.501456     423.000000        420.622935     
181727.400172     427.000000        424.591101     
185140.044416     431.000000        428.559268     
188584.434188     435.000000        432.527435     
192060.569487     439.000000        436.495602     
195568.450314     443.000000        440.463770     
199108.076669     447.000000        444.431939     
202679.448552     451.000000        448.400108     
206282.565963     455.000000        452.368277     
209917.428902     459.000000        456.336446     
213584.037368     463.000000        460.304616     
217282.391363     467.000000        464.272787     
221012.490885     471.000000        468.240957     
224774.335935     475.000000        472.209128     
228567.926513     479.000000        476.177300     
232393.262619     483.000000        480.145471     
236250.344253     487.000000        484.113643     
240139.171414     491.000000        488.081816     
244059.744103     495.000000        492.049988     
248012.062320     499.000000        496.018161     
251996.126065     503.000000        499.986334     
256011.935338     507.000000        503.954508     
260059.490139     511.000000        507.922681     
264138.790468     515.000000        511.890855     
268249.836324     519.000000        515.859030     
272392.627708     523.000000        519.827204     
276567.164620     527.000000        523.795379     
280773.447060     531.000000        527.763554     
285011.475028     535.000000        531.731729     
289281.248524     539.000000        535.699904     
293582.767547     543.000000        539.668080     
297916.032099     547.000000        543.636256     
302281.042178     551.000000        547.604432     
306677.797785     555.000000        551.572609     
311106.298920     559.000000        555.540785     
315566.545583     563.000000        559.508962     
320058.537773     567.000000        563.477139     
324582.275492     571.000000        567.445316     
329137.758738     575.000000        571.413493     
333724.987512     579.000000        575.381671     
338343.961814     583.000000        579.349849     
342994.681644     587.000000        583.318027     
347677.147002     591.000000        587.286205     
352391.357887     595.000000        591.254383     
357137.314301     599.000000        595.222561     
361915.016242     603.000000        599.190740     
366724.463711     607.000000        603.158919     
371565.656708     611.000000        607.127098     
376438.595233     615.000000        611.095277     
381343.279285     619.000000        615.063456     
386279.708866     623.000000        619.031635     
391247.883974     627.000000        622.999815     
396247.804610     631.000000        626.967995     
401279.470774     635.000000        630.936174     
406342.882466     639.000000        634.904354     
411438.039686     643.000000        638.872535     
416564.942433     647.000000        642.840715     
421723.590709     651.000000        646.808895     
426913.984512     655.000000        650.777076     
432136.123843     659.000000        654.745256     
437390.008702     663.000000        658.713437     
442675.639089     667.000000        662.681618     
447993.015004     671.000000        666.649799     
453342.136446     675.000000        670.617980     
458723.003417     679.000000        674.586161     
464135.615915     683.000000        678.554342     
469579.973941     687.000000        682.522524     
475056.077495     691.000000        686.490705     
480563.926577     695.000000        690.458887     
486103.521186     699.000000        694.427069     
491674.861324     703.000000        698.395251     
497277.946989     707.000000        702.363433     
502912.778182     711.000000        706.331615     
508579.354903     715.000000        710.299797     
514277.677152     719.000000        714.267979     
520007.744929     723.000000        718.236162     
525769.558233     727.000000        722.204344     
531563.117066     731.000000        726.172527     
537388.421426     735.000000        730.140709     
543245.471314     739.000000        734.108892     
549134.266730     743.000000        738.077075     
555054.807674     747.000000        742.045258     
561007.094145     751.000000        746.013441     
566991.126145     755.000000        749.981624     
573006.903672     759.000000        753.949807     
579054.426727     763.000000        757.917990     
585133.695310     767.000000        761.886174     
591244.709421     771.000000        765.854357     
597387.469060     775.000000        769.822541     
603561.974227     779.000000        773.790724     
609768.224921     783.000000        777.758908     
616006.221143     787.000000        781.727092     
622275.962893     791.000000        785.695275     
628577.450171     795.000000        789.663459     
634910.682977     799.000000        793.631643     
641275.661311     803.000000        797.599827     
647672.385172     807.000000        801.568011     
654100.854562     811.000000        805.536196     
660561.069479     815.000000        809.504380     
667053.029924     819.000000        813.472564     
673576.735897     823.000000        817.440748     
680132.187398     827.000000        821.408933     
686719.384426     831.000000        825.377117     
693338.326983     835.000000        829.345302     
699989.015067     839.000000        833.313486     
706671.448679     843.000000        837.281671     
713385.627819     847.000000        841.249856     
720131.552487     851.000000        845.218041     
726909.222683     855.000000        849.186225     
733718.638407     859.000000        853.154410     
740559.799658     863.000000        857.122595     
747432.706437     867.000000        861.090780     
754337.358744     871.000000        865.058965     
761273.756579     875.000000        869.027150     
768241.899942     879.000000        872.995336     
775241.788833     883.000000        876.963521     
782273.423251     887.000000        880.931706     
789336.803198     891.000000        884.899891     
796431.928672     895.000000        888.868077     
803558.799674     899.000000        892.836262     
810717.416204     903.000000        896.804448     
817907.778261     907.000000        900.772633     
825129.885847     911.000000        904.740819     
832383.738961     915.000000        908.709004     
839669.337602     919.000000        912.677190     
846986.681771     923.000000        916.645376     
854335.771468     927.000000        920.613561     
861716.606693     931.000000        924.581747     
869129.187445     935.000000        928.549933     
876573.513726     939.000000        932.518119     
884049.585534     943.000000        936.486305     
891557.402871     947.000000        940.454491     
899096.965735     951.000000        944.422677     
906668.274127     955.000000        948.390863     
914271.328046     959.000000        952.359049     
921906.127494     963.000000        956.327235     
929572.672470     967.000000        960.295421     
937270.962973     971.000000        964.263608     
945000.999004     975.000000        968.231794     
952762.780563     979.000000        972.199980     
960556.307650     983.000000        976.168166     
968381.580265     987.000000        980.136353     
976238.598407     991.000000        984.104539     
984127.362078     995.000000        988.072726     
992047.871276     999.000000        992.040912     
