384.472714        3.000000          127.157571     
1537.875252       7.000000          218.696465     
3460.212814       11.000000         313.564801     
6151.485402       15.000000         409.099027     
9611.693014       19.000000         504.878580     
13840.835652      23.000000         600.775463     
18838.913314      27.000000         696.737530     
24605.926002      31.000000         792.739548     
31141.873714      35.000000         888.767820     
38446.756452      39.000000         984.814268     
46520.574214      43.000000         1080.873819    
55363.327001      47.000000         1176.943128    
64975.014814      51.000000         1273.019898    
75355.637651      55.000000         1369.102503    
86505.195513      59.000000         1465.189754    
98423.688401      63.000000         1561.280768    
111111.116313     67.000000         1657.374870    
124567.479250     71.000000         1753.471539    
138792.777213     75.000000         1849.570363    
153787.010200     79.000000         1945.671015    
169550.178212     83.000000         2041.773231    
186082.281250     87.000000         2137.876796    
203383.319312     91.000000         2233.981531    
221453.292399     95.000000         2330.087288    
240292.200511     99.000000         2426.193945    
259900.043649     103.000000        2522.301395    
280276.821811     107.000000        2618.409550    
301422.534998     111.000000        2714.518333    
323337.183210     115.000000        2810.627680    
346020.766448     119.000000        2906.737533    
369473.284710     123.000000        3002.847843    
393694.737997     127.000000        3098.958567    
418685.126309     131.000000        3195.069666    
444444.449646     135.000000        3291.181108    
470972.708009     139.000000        3387.292863    
498269.901396     143.000000        3483.404905    
526336.029808     147.000000        3579.517210    
555171.093245     151.000000        3675.629757    
584775.091707     155.000000        3771.742527    
615148.025194     159.000000        3867.855504    
646289.893706     163.000000        3963.968673    
678200.697244     167.000000        4060.082019    
710880.435806     171.000000        4156.195531    
744329.109393     175.000000        4252.309197    
778546.718005     179.000000        4348.423006    
813533.261642     183.000000        4444.536949    
849288.740304     187.000000        4540.651018    
885813.153991     191.000000        4636.765204    
923106.502703     195.000000        4732.879501    
961168.786440     199.000000        4828.993902    
