43.903324         3.000000          13.634441      
175.476506        7.000000          24.068072      
394.765133        11.000000         34.887739      
701.769211        15.000000         45.784614      
1096.488741       19.000000         56.709934      
1578.923722       23.000000         67.648857      
2149.074154       27.000000         78.595339      
2806.940037       31.000000         89.546453      
3552.521371       35.000000         100.500611     
4385.818156       39.000000         111.456876     
5306.830392       43.000000         122.414660     
6315.558080       47.000000         133.373576     
7412.001218       51.000000         144.333357     
8596.159808       55.000000         155.293815     
9868.033848       59.000000         166.254811     
11227.623340      63.000000         177.216243     
12674.928283      67.000000         188.178034     
14209.948676      71.000000         199.140122     
15832.684521      75.000000         210.102460     
17543.135817      79.000000         221.065010     
19341.302564      83.000000         232.027742     
21227.184763      87.000000         242.990629     
23200.782412      91.000000         253.953653     
25262.095512      95.000000         264.916795     
27411.124063      99.000000         275.880041     
29647.868066      103.000000        286.843379     
31972.327519      107.000000        297.806799     
34384.502424      111.000000        308.770292     
36884.392780      115.000000        319.733850     
39471.998587      119.000000        330.697467     
42147.319844      123.000000        341.661137     
44910.356553      127.000000        352.624855     
47761.108713      131.000000        363.588616     
50699.576324      135.000000        374.552417     
53725.759386      139.000000        385.516255     
56839.657900      143.000000        396.480125     
60041.271864      147.000000        407.444026     
63330.601279      151.000000        418.407955     
66707.646146      155.000000        429.371911     
70172.406463      159.000000        440.335890     
73724.882232      163.000000        451.299891     
77365.073452      167.000000        462.263913     
81092.980122      171.000000        473.227954     
84908.602244      175.000000        484.192013     
88811.939817      179.000000        495.156088     
92802.992841      183.000000        506.120179     
96881.761316      187.000000        517.084285     
101048.245242     191.000000        528.048404     
105302.444620     195.000000        539.012537     
109644.359448     199.000000        549.976681     
114073.989727     203.000000        560.940836     
118591.335458     207.000000        571.905002     
123196.396639     211.000000        582.869178     
127889.173272     215.000000        593.833364     
132669.665356     219.000000        604.797559     
137537.872890     223.000000        615.761762     
142493.795876     227.000000        626.725973     
147537.434313     231.000000        637.690192     
152668.788201     235.000000        648.654418     
157887.857540     239.000000        659.618651     
163194.642330     243.000000        670.582890     
168589.142571     247.000000        681.547136     
174071.358264     251.000000        692.511388     
179641.289407     255.000000        703.475645     
185298.936002     259.000000        714.439907     
191044.298047     263.000000        725.404175     
196877.375544     267.000000        736.368448     
202798.168491     271.000000        747.332725     
208806.676890     275.000000        758.297007     
214902.900740     279.000000        769.261293     
221086.840041     283.000000        780.225583     
227358.494793     287.000000        791.189877     
233717.864996     291.000000        802.154175     
240164.950650     295.000000        813.118477     
246699.751755     299.000000        824.082782     
253322.268312     303.000000        835.047090     
260032.500319     307.000000        846.011402     
266830.447777     311.000000        856.975716     
273716.110687     315.000000        867.940034     
280689.489047     319.000000        878.904354     
287750.582859     323.000000        889.868678     
294899.392122     327.000000        900.833003     
302135.916836     331.000000        911.797332     
309460.157001     335.000000        922.761663     
316872.112617     339.000000        933.725996     
324371.783684     343.000000        944.690331     
331959.170202     347.000000        955.654669     
339634.272171     351.000000        966.619009     
347397.089591     355.000000        977.583351     
355247.622463     359.000000        988.547695     
363185.870785     363.000000        999.512041     
371211.834559     367.000000        1010.476388    
379325.513783     371.000000        1021.440738    
387526.908459     375.000000        1032.405089    
395816.018586     379.000000        1043.369442    
404192.844163     383.000000        1054.333797    
412657.385192     387.000000        1065.298153    
421209.641672     391.000000        1076.262511    
429849.613603     395.000000        1087.226870    
438577.300986     399.000000        1098.191231    
447392.703819     403.000000        1109.155593    
456295.822103     407.000000        1120.119956    
465286.655838     411.000000        1131.084321    
474365.205025     415.000000        1142.048687    
483531.469662     419.000000        1153.013054    
492785.449751     423.000000        1163.977423    
502127.145291     427.000000        1174.941792    
511556.556281     431.000000        1185.906163    
521073.682723     435.000000        1196.870535    
530678.524616     439.000000        1207.834908    
540371.081960     443.000000        1218.799282    
550151.354755     447.000000        1229.763657    
560019.343001     451.000000        1240.728033    
569975.046698     455.000000        1251.692410    
580018.465847     459.000000        1262.656788    
590149.600446     463.000000        1273.621167    
600368.450497     467.000000        1284.585547    
610675.015998     471.000000        1295.549928    
621069.296951     475.000000        1306.514309    
631551.293354     479.000000        1317.478692    
642121.005209     483.000000        1328.443075    
652778.432515     487.000000        1339.407459    
663523.575272     491.000000        1350.371844    
674356.433480     495.000000        1361.336229    
685277.007139     499.000000        1372.300616    
696285.296249     503.000000        1383.265002    
707381.300810     507.000000        1394.229390    
718565.020822     511.000000        1405.193779    
729836.456286     515.000000        1416.158168    
741195.607200     519.000000        1427.122557    
752642.473566     523.000000        1438.086948    
764177.055382     527.000000        1449.051338    
775799.352650     531.000000        1460.015730    
787509.365369     535.000000        1470.980122    
799307.093538     539.000000        1481.944515    
811192.537159     543.000000        1492.908908    
823165.696231     547.000000        1503.873302    
835226.570754     551.000000        1514.837696    
847375.160729     555.000000        1525.802091    
859611.466154     559.000000        1536.766487    
871935.487030     563.000000        1547.730883    
884347.223357     567.000000        1558.695279    
896846.675136     571.000000        1569.659676    
909433.842365     575.000000        1580.624074    
922108.725046     579.000000        1591.588472    
934871.323178     583.000000        1602.552870    
947721.636760     587.000000        1613.517269    
960659.665794     591.000000        1624.481668    
973685.410279     595.000000        1635.446068    
986798.870215     599.000000        1646.410468    
