2.987933          3.000000          0.004022       
6.939389          7.000000          0.008659       
10.851383         11.000000         0.013511       
14.723292         15.000000         0.018447       
18.554464         19.000000         0.023449       
22.344207         23.000000         0.028513       
26.091791         27.000000         0.033637       
29.796441         31.000000         0.038824       
33.457333         35.000000         0.044076       
37.073589         39.000000         0.049395       
40.644273         43.000000         0.054784       
44.168380         47.000000         0.060247       
47.644829         51.000000         0.065788       
51.072456         55.000000         0.071410       
54.450000         59.000000         0.077119       
57.776090         63.000000         0.082919       
61.049225         67.000000         0.088818       
64.267759         71.000000         0.094820       
67.429874         75.000000         0.100935       
70.533550         79.000000         0.107170       
73.576536         83.000000         0.113536       
76.556352         87.000000         0.120042       
79.470371         91.000000         0.126699       
82.316101         95.000000         0.133515       
85.091735         99.000000         0.140488       
87.796690         103.000000        0.147605       
90.431267         107.000000        0.154848       
92.994355         111.000000        0.162213       
95.479287         115.000000        0.169745       
97.869236         119.000000        0.177569       
100.132592        123.000000        0.185914       
102.222666        127.000000        0.195097       
104.145345        131.000000        0.204997       
106.110407        135.000000        0.213997       
108.327832        139.000000        0.220663       
110.822807        143.000000        0.225015       
113.578470        147.000000        0.227357       
116.590067        151.000000        0.227880       
119.863141        155.000000        0.226689       
123.410726        159.000000        0.223832       
127.252733        163.000000        0.219308       
131.416625        167.000000        0.213074       
135.939250        171.000000        0.205034       
140.870154        175.000000        0.195028       
146.277355        179.000000        0.182808       
152.257775        183.000000        0.167990       
158.957724        187.000000        0.149959       
166.618578        191.000000        0.127651       
175.701867        195.000000        0.098965       
187.392497        199.000000        0.058329       
