2.999875          3.000000          0.000042       
6.999377          7.000000          0.000089       
10.998481         11.000000         0.000138       
14.997186         15.000000         0.000188       
18.995492         19.000000         0.000237       
22.993400         23.000000         0.000287       
26.990908         27.000000         0.000337       
30.988018         31.000000         0.000387       
34.984729         35.000000         0.000436       
38.981042         39.000000         0.000486       
42.976955         43.000000         0.000536       
46.972469         47.000000         0.000586       
50.967584         51.000000         0.000636       
54.962300         55.000000         0.000685       
58.956617         59.000000         0.000735       
62.950534         63.000000         0.000785       
66.944053         67.000000         0.000835       
70.937180         71.000000         0.000885       
74.929979         75.000000         0.000934       
78.922922         79.000000         0.000976       
82.918665         83.000000         0.000980       
86.928282         87.000000         0.000824       
90.983995         91.000000         0.000176       
95.146920         95.000000         0.001547       
99.488614         99.000000         0.004935       
104.059072        103.000000        0.010282       
108.877204        107.000000        0.017544       
113.942736        111.000000        0.026511       
119.248601        115.000000        0.036944       
124.786884        119.000000        0.048629       
130.550671        123.000000        0.061388       
136.534315        127.000000        0.075073       
142.733277        131.000000        0.089567       
149.143890        135.000000        0.104770       
155.763155        139.000000        0.120598       
162.588584        143.000000        0.136983       
169.618084        147.000000        0.153865       
176.849871        151.000000        0.171191       
184.282396        155.000000        0.188919       
191.914307        159.000000        0.207008       
199.744400        163.000000        0.225426       
207.771597        167.000000        0.244141       
215.994918        171.000000        0.263128       
224.413466        175.000000        0.282363       
233.026412        179.000000        0.301824       
241.832979        183.000000        0.321492       
250.832440        187.000000        0.341350       
260.024101        191.000000        0.361383       
269.407304        195.000000        0.381576       
278.981415        199.000000        0.401917       
288.745819        203.000000        0.422393       
298.699923        207.000000        0.442995       
308.843146        211.000000        0.463712       
319.174918        215.000000        0.484535       
329.694680        219.000000        0.505455       
340.401881        223.000000        0.526466       
351.295972        227.000000        0.547559       
362.376414        231.000000        0.568729       
373.642665        235.000000        0.589969       
385.094190        239.000000        0.611273       
396.730451        243.000000        0.632636       
408.550913        247.000000        0.654052       
420.555038        251.000000        0.675518       
432.742289        255.000000        0.697029       
445.112125        259.000000        0.718580       
457.664003        263.000000        0.740167       
470.397380        267.000000        0.761788       
483.311705        271.000000        0.783438       
496.406429        275.000000        0.805114       
509.680994        279.000000        0.826814       
523.134841        283.000000        0.848533       
536.767405        287.000000        0.870270       
550.578119        291.000000        0.892021       
564.566409        295.000000        0.913784       
578.731696        299.000000        0.935558       
593.073398        303.000000        0.957338       
607.590925        307.000000        0.979124       
622.283684        311.000000        1.000912       
637.151075        315.000000        1.022702       
652.192495        319.000000        1.044491       
667.407332        323.000000        1.066277       
682.794971        327.000000        1.088058       
698.354789        331.000000        1.109833       
714.086161        335.000000        1.131600       
729.988452        339.000000        1.153358       
746.061023        343.000000        1.175105       
762.303230        347.000000        1.196839       
778.714421        351.000000        1.218560       
795.293940        355.000000        1.240265       
812.041123        359.000000        1.261953       
828.955303        363.000000        1.283623       
846.035804        367.000000        1.305275       
863.281946        371.000000        1.326906       
880.693041        375.000000        1.348515       
898.268397        379.000000        1.370101       
916.007315        383.000000        1.391664       
933.909090        387.000000        1.413202       
951.973011        391.000000        1.434714       
970.198361        395.000000        1.456198       
988.584418        399.000000        1.477655       
1007.130451       403.000000        1.499083       
1025.835727       407.000000        1.520481       
1044.699504       411.000000        1.541848       
1063.721036       415.000000        1.563183       
1082.899569       419.000000        1.584486       
1102.234345       423.000000        1.605755       
1121.724598       427.000000        1.626990       
1141.369559       431.000000        1.648189       
1161.168451       435.000000        1.669353       
1181.120491       439.000000        1.690479       
1201.224892       443.000000        1.711569       
1221.480858       447.000000        1.732619       
1241.887591       451.000000        1.753631       
1262.444284       455.000000        1.774603       
1283.150126       459.000000        1.795534       
1304.004300       463.000000        1.816424       
1325.005984       467.000000        1.837272       
1346.154348       471.000000        1.858077       
1367.448558       475.000000        1.878839       
1388.887775       479.000000        1.899557       
1410.471153       483.000000        1.920230       
1432.197841       487.000000        1.940858       
1454.066983       491.000000        1.961440       
1476.077716       495.000000        1.981975       
1498.229174       499.000000        2.002463       
1520.520483       503.000000        2.022904       
1542.950764       507.000000        2.043295       
1565.519135       511.000000        2.063638       
1588.224705       515.000000        2.083931       
1611.066580       519.000000        2.104175       
1634.043861       523.000000        2.124367       
1657.155642       527.000000        2.144508       
1680.401014       531.000000        2.164597       
1703.779060       535.000000        2.184634       
1727.288861       539.000000        2.204618       
1750.929489       543.000000        2.224548       
1774.700015       547.000000        2.244424       
1798.599503       551.000000        2.264246       
1822.627011       555.000000        2.284013       
1846.781594       559.000000        2.303724       
1871.062301       563.000000        2.323379       
1895.468175       567.000000        2.342977       
1919.998257       571.000000        2.362519       
1944.651580       575.000000        2.382003       
1969.427174       579.000000        2.401429       
1994.324065       583.000000        2.420796       
2019.341272       587.000000        2.440104       
2044.477810       591.000000        2.459353       
2069.732691       595.000000        2.478542       
2095.104921       599.000000        2.497671       
2120.593500       603.000000        2.516739       
2146.197427       607.000000        2.535745       
2171.915693       611.000000        2.554690       
2197.747287       615.000000        2.573573       
2223.691191       619.000000        2.592393       
2249.746386       623.000000        2.611150       
2275.911846       627.000000        2.629843       
2302.186542       631.000000        2.648473       
2328.569440       635.000000        2.667038       
2355.059501       639.000000        2.685539       
2381.655684       643.000000        2.703975       
2408.356942       647.000000        2.722345       
2435.162226       651.000000        2.740649       
2462.070479       655.000000        2.758886       
2489.080644       659.000000        2.777057       
2516.191658       663.000000        2.795161       
2543.402455       667.000000        2.813197       
2570.711963       671.000000        2.831165       
2598.119110       675.000000        2.849065       
2625.622816       679.000000        2.866897       
2653.222000       683.000000        2.884659       
2680.915577       687.000000        2.902352       
2708.702456       691.000000        2.919975       
2736.581544       695.000000        2.937527       
2764.551746       699.000000        2.955010       
2792.611961       703.000000        2.972421       
2820.761085       707.000000        2.989761       
2848.998011       711.000000        3.007030       
2877.321628       715.000000        3.024226       
2905.730823       719.000000        3.041350       
2934.224477       723.000000        3.058402       
2962.801470       727.000000        3.075380       
2991.460679       731.000000        3.092285       
3020.200975       735.000000        3.109117       
3049.021229       739.000000        3.125874       
3077.920307       743.000000        3.142558       
3106.897072       747.000000        3.159166       
3135.950385       751.000000        3.175700       
3165.079103       755.000000        3.192158       
3194.282079       759.000000        3.208540       
3223.558167       763.000000        3.224847       
3252.906214       767.000000        3.241077       
3282.325066       771.000000        3.257231       
3311.813566       775.000000        3.273308       
3341.370554       779.000000        3.289308       
3370.994868       783.000000        3.305230       
3400.685343       787.000000        3.321074       
3430.440811       791.000000        3.336840       
3460.260101       795.000000        3.352528       
3490.142042       799.000000        3.368138       
3520.085457       803.000000        3.383668       
3550.089169       807.000000        3.399119       
3580.151999       811.000000        3.414491       
3610.272764       815.000000        3.429783       
3640.450279       819.000000        3.444994       
3670.683357       823.000000        3.460126       
3700.970810       827.000000        3.475176       
3731.311447       831.000000        3.490146       
3761.704074       835.000000        3.505035       
3792.147495       839.000000        3.519842       
3822.640515       843.000000        3.534568       
3853.181932       847.000000        3.549211       
3883.770548       851.000000        3.563773       
3914.405157       855.000000        3.578252       
3945.084557       859.000000        3.592648       
3975.807539       863.000000        3.606961       
4006.572897       867.000000        3.621191       
4037.379420       871.000000        3.635338       
4068.225896       875.000000        3.649401       
4099.111113       879.000000        3.663380       
4130.033855       883.000000        3.677275       
4160.992908       887.000000        3.691086       
4191.987053       891.000000        3.704812       
4223.015071       895.000000        3.718453       
4254.075743       899.000000        3.732009       
4285.167846       903.000000        3.745479       
4316.290159       907.000000        3.758865       
4347.441456       911.000000        3.772164       
4378.620514       915.000000        3.785378       
4409.826106       919.000000        3.798505       
4441.057005       923.000000        3.811546       
4472.311982       927.000000        3.824501       
4503.589809       931.000000        3.837368       
4534.889255       935.000000        3.850149       
4566.209090       939.000000        3.862842       
4597.548082       943.000000        3.875449       
4628.904999       947.000000        3.887967       
4660.278607       951.000000        3.900398       
4691.667673       955.000000        3.912741       
4723.070962       959.000000        3.924996       
4754.487240       963.000000        3.937162       
4785.915270       967.000000        3.949240       
4817.353818       971.000000        3.961229       
4848.801646       975.000000        3.973130       
4880.257518       979.000000        3.984941       
4911.720198       983.000000        3.996663       
4943.188447       987.000000        4.008296       
4974.661028       991.000000        4.019840       
5006.136704       995.000000        4.031293       
5037.614237       999.000000        4.042657       
5069.092388       1003.000000       4.053931       
5100.569921       1007.000000       4.065114       
5132.045597       1011.000000       4.076207       
5163.518178       1015.000000       4.087210       
5194.986428       1019.000000       4.098122       
5226.449107       1023.000000       4.108943       
5257.904980       1027.000000       4.119674       
5289.352808       1031.000000       4.130313       
5320.791356       1035.000000       4.140861       
5352.219387       1039.000000       4.151318       
5383.635665       1043.000000       4.161683       
5415.038954       1047.000000       4.171957       
5446.428021       1051.000000       4.182139       
5477.801630       1055.000000       4.192229       
5509.158547       1059.000000       4.202227       
5540.497539       1063.000000       4.212133       
5571.817375       1067.000000       4.221947       
5603.116822       1071.000000       4.231668       
5634.394650       1075.000000       4.241297       
5665.649628       1079.000000       4.250834       
5696.880527       1083.000000       4.260277       
5728.086120       1087.000000       4.269628       
5759.265179       1091.000000       4.278887       
5790.416478       1095.000000       4.288052       
5821.538791       1099.000000       4.297124       
5852.630896       1103.000000       4.306102       
5883.691568       1107.000000       4.314988       
5914.719588       1111.000000       4.323780       
5945.713734       1115.000000       4.332479       
5976.672788       1119.000000       4.341084       
6007.595532       1123.000000       4.349595       
6038.480750       1127.000000       4.358013       
6069.327228       1131.000000       4.366337       
6100.133752       1135.000000       4.374567       
6130.899111       1139.000000       4.382703       
6161.622095       1143.000000       4.390745       
6192.301497       1147.000000       4.398694       
6222.936108       1151.000000       4.406547       
6253.524725       1155.000000       4.414307       
6284.066145       1159.000000       4.421973       
6314.559166       1163.000000       4.429544       
6345.002590       1167.000000       4.437020       
6375.395219       1171.000000       4.444402       
6405.735857       1175.000000       4.451690       
6436.023313       1179.000000       4.458883       
6466.256394       1183.000000       4.465982       
6496.433911       1187.000000       4.472986       
6526.554679       1191.000000       4.479895       
6556.617511       1195.000000       4.486709       
6586.621226       1199.000000       4.493429       
6616.564645       1203.000000       4.500054       
6646.446588       1207.000000       4.506584       
6676.265882       1211.000000       4.513019       
6706.021352       1215.000000       4.519359       
6735.711830       1219.000000       4.525604       
6765.336148       1223.000000       4.531755       
6794.893140       1227.000000       4.537810       
6824.381643       1231.000000       4.543771       
6853.800499       1235.000000       4.549636       
6883.148550       1239.000000       4.555406       
6912.424641       1243.000000       4.561082       
6941.627623       1247.000000       4.566662       
6970.756345       1251.000000       4.572147       
6999.809662       1255.000000       4.577538       
7028.786431       1259.000000       4.582833       
7057.685514       1263.000000       4.588033       
7086.505773       1267.000000       4.593138       
7115.246074       1271.000000       4.598148       
7143.905288       1275.000000       4.603063       
7172.482287       1279.000000       4.607883       
7200.975947       1283.000000       4.612608       
7229.385148       1287.000000       4.617238       
7257.708771       1291.000000       4.621773       
7285.945703       1295.000000       4.626213       
7314.094834       1299.000000       4.630558       
7342.155055       1303.000000       4.634808       
7370.125264       1307.000000       4.638963       
7398.004360       1311.000000       4.643024       
7425.791247       1315.000000       4.646990       
7453.484831       1319.000000       4.650860       
7481.084023       1323.000000       4.654636       
7508.587738       1327.000000       4.658318       
7535.994893       1331.000000       4.661905       
7563.304411       1335.000000       4.665397       
7590.515217       1339.000000       4.668794       
7617.626240       1343.000000       4.672097       
7644.636415       1347.000000       4.675305       
7671.544679       1351.000000       4.678419       
7698.349973       1355.000000       4.681439       
7725.051242       1359.000000       4.684364       
7751.647437       1363.000000       4.687195       
7778.137510       1367.000000       4.689932       
7804.520420       1371.000000       4.692575       
7830.795128       1375.000000       4.695124       
7856.960602       1379.000000       4.697578       
7883.015811       1383.000000       4.699939       
7908.959730       1387.000000       4.702206       
7934.791338       1391.000000       4.704379       
7960.509620       1395.000000       4.706459       
7986.113562       1399.000000       4.708444       
8011.602159       1403.000000       4.710337       
8036.974405       1407.000000       4.712135       
8062.229304       1411.000000       4.713841       
8087.365861       1415.000000       4.715453       
8112.383088       1419.000000       4.716972       
8137.279998       1423.000000       4.718398       
8162.055614       1427.000000       4.719731       
8186.708959       1431.000000       4.720971       
8211.239063       1435.000000       4.722118       
8235.644961       1439.000000       4.723172       
8259.925692       1443.000000       4.724134       
8284.080301       1447.000000       4.725004       
8308.107836       1451.000000       4.725781       
8332.007351       1455.000000       4.726466       
8355.777906       1459.000000       4.727058       
8379.418564       1463.000000       4.727559       
8402.928396       1467.000000       4.727968       
8426.306475       1471.000000       4.728284       
8449.551880       1475.000000       4.728510       
8472.663697       1479.000000       4.728643       
8495.641015       1483.000000       4.728686       
8518.482929       1487.000000       4.728637       
8541.188539       1491.000000       4.728497       
8563.756951       1495.000000       4.728266       
8586.187276       1499.000000       4.727943       
8608.478631       1503.000000       4.727531       
8630.630136       1507.000000       4.727027       
8652.640919       1511.000000       4.726433       
8674.510113       1515.000000       4.725749       
8696.236856       1519.000000       4.724975       
8717.820291       1523.000000       4.724110       
8739.259567       1527.000000       4.723156       
8760.553840       1531.000000       4.722112       
8781.702269       1535.000000       4.720979       
8802.704021       1539.000000       4.719756       
8823.558266       1543.000000       4.718443       
8844.264183       1547.000000       4.717042       
8864.820955       1551.000000       4.715552       
8885.227770       1555.000000       4.713973       
8905.483823       1559.000000       4.712305       
8925.588313       1563.000000       4.710549       
8945.540449       1567.000000       4.708705       
8965.339440       1571.000000       4.706772       
8984.984506       1575.000000       4.704752       
9004.474870       1579.000000       4.702644       
9023.809762       1583.000000       4.700448       
9042.988416       1587.000000       4.698165       
9062.010076       1591.000000       4.695795       
9080.873988       1595.000000       4.693338       
9099.579406       1599.000000       4.690794       
9118.125589       1603.000000       4.688163       
9136.511803       1607.000000       4.685446       
9154.737320       1611.000000       4.682643       
9172.801416       1615.000000       4.679753       
9190.703377       1619.000000       4.676778       
9208.442490       1623.000000       4.673717       
9226.018053       1627.000000       4.670570       
9243.429367       1631.000000       4.667339       
9260.675740       1635.000000       4.664022       
9277.756485       1639.000000       4.660620       
9294.670924       1643.000000       4.657134       
9311.418383       1647.000000       4.653563       
9327.998193       1651.000000       4.649908       
9344.409693       1655.000000       4.646169       
9360.652228       1659.000000       4.642346       
9376.725147       1663.000000       4.638440       
9392.627808       1667.000000       4.634450       
9408.359574       1671.000000       4.630377       
9423.919812       1675.000000       4.626221       
9439.307897       1679.000000       4.621982       
9454.523211       1683.000000       4.617661       
9469.565138       1687.000000       4.613257       
9484.433072       1691.000000       4.608772       
9499.126410       1695.000000       4.604204       
9513.644557       1699.000000       4.599555       
9527.986922       1703.000000       4.594825       
9542.152920       1707.000000       4.590013       
9556.141971       1711.000000       4.585121       
9569.953503       1715.000000       4.580148       
9583.586946       1719.000000       4.575094       
9597.041737       1723.000000       4.569960       
9610.317318       1727.000000       4.564747       
9623.413136       1731.000000       4.559453       
9636.328643       1735.000000       4.554080       
9649.063294       1739.000000       4.548628       
9661.616551       1743.000000       4.543096       
9673.987879       1747.000000       4.537486       
9686.176746       1751.000000       4.531797       
9698.182625       1755.000000       4.526030       
9710.004992       1759.000000       4.520185       
9721.643326       1763.000000       4.514262       
9733.097109       1767.000000       4.508261       
9744.365825       1771.000000       4.502183       
9755.448958       1775.000000       4.496028       
9766.345997       1779.000000       4.489795       
9777.056427       1783.000000       4.483486       
9787.579737       1787.000000       4.477101       
9797.915411       1791.000000       4.470640       
9808.062935       1795.000000       4.464102       
9818.021789       1799.000000       4.457488       
9827.791450       1803.000000       4.450799       
9837.371389       1807.000000       4.444035       
9846.761073       1811.000000       4.437196       
9855.959955       1815.000000       4.430281       
9864.967480       1819.000000       4.423292       
9873.783081       1823.000000       4.416228       
9882.406174       1827.000000       4.409089       
9890.836153       1831.000000       4.401877       
9899.072394       1835.000000       4.394590       
9907.114243       1839.000000       4.387229       
9914.961015       1843.000000       4.379794       
9922.611985       1847.000000       4.372286       
9930.066384       1851.000000       4.364704       
9937.323390       1855.000000       4.357048       
9944.382114       1859.000000       4.349318       
9951.241593       1863.000000       4.341515       
9957.900771       1867.000000       4.333637       
9964.358483       1871.000000       4.325686       
9970.613429       1875.000000       4.317660       
9976.664149       1879.000000       4.309560       
9982.508985       1883.000000       4.301386       
9988.146032       1887.000000       4.293135       
9993.573084       1891.000000       4.284809       
9998.787549       1895.000000       4.276405       
10003.786342      1899.000000       4.267923       
10008.565739      1903.000000       4.259362       
10013.121169      1907.000000       4.250719       
10017.446898      1911.000000       4.241992       
10021.535564      1915.000000       4.233178       
10025.377407      1919.000000       4.224272       
10028.958931      1923.000000       4.215267       
10032.260309      1927.000000       4.206155       
10035.249662      1931.000000       4.196919       
10037.875480      1935.000000       4.187533       
10040.157259      1939.000000       4.178008       
10042.470862      1943.000000       4.168539       
10045.162555      1947.000000       4.159303       
10048.244188      1951.000000       4.150305       
10051.681540      1955.000000       4.141525       
10055.463321      1959.000000       4.132957       
10059.593778      1963.000000       4.124602       
10064.088968      1967.000000       4.116466       
10068.976596      1971.000000       4.108562       
10074.298260      1975.000000       4.100911       
10080.114523      1979.000000       4.093539       
10086.514743      1983.000000       4.086493       
10093.636856      1987.000000       4.079837       
10101.711951      1991.000000       4.073688       
10111.186962      1995.000000       4.068264       
10123.220177      1999.000000       4.064142       
