2.999504          3.000000          0.000165       
6.997519          7.000000          0.000354       
10.993945         11.000000         0.000550       
14.988781         15.000000         0.000748       
18.982027         19.000000         0.000946       
22.973681         23.000000         0.001144       
26.963741         27.000000         0.001343       
30.952209         31.000000         0.001542       
34.939081         35.000000         0.001741       
38.924358         39.000000         0.001940       
42.908039         43.000000         0.002139       
46.890121         47.000000         0.002338       
50.870606         51.000000         0.002537       
54.849491         55.000000         0.002737       
58.826775         59.000000         0.002936       
62.802458         63.000000         0.003136       
66.776539         67.000000         0.003335       
70.749024         71.000000         0.003535       
74.719968         75.000000         0.003734       
78.689790         79.000000         0.003927       
82.660857         83.000000         0.004086       
86.643129         87.000000         0.004102       
90.666106         91.000000         0.003669       
94.787246         95.000000         0.002240       
99.076156         99.000000         0.000769       
103.583421        103.000000        0.005664       
108.329150        107.000000        0.012422       
113.313559        111.000000        0.020843       
118.529390        115.000000        0.030690       
123.968204        119.000000        0.041750       
129.622423        123.000000        0.053841       
135.485691        127.000000        0.066816       
141.552731        131.000000        0.080555       
147.819121        135.000000        0.094956       
154.281096        139.000000        0.109936       
160.935382        143.000000        0.125422       
167.779087        147.000000        0.141354       
174.809605        151.000000        0.157680       
182.024554        155.000000        0.174352       
189.421724        159.000000        0.191332       
196.999039        163.000000        0.208583       
204.754529        167.000000        0.226075       
212.686303        171.000000        0.243780       
220.792535        175.000000        0.261672       
229.071446        179.000000        0.279729       
237.521294        183.000000        0.297931       
246.140365        187.000000        0.316259       
254.926964        191.000000        0.334696       
263.879409        195.000000        0.353228       
272.996026        199.000000        0.371839       
282.275147        203.000000        0.390518       
291.715099        207.000000        0.409252       
301.314212        211.000000        0.428029       
311.070805        215.000000        0.446841       
320.983193        219.000000        0.465677       
331.049681        223.000000        0.484528       
341.268563        227.000000        0.503386       
351.638120        231.000000        0.522243       
362.156621        235.000000        0.541092       
372.822321        239.000000        0.559926       
383.633460        243.000000        0.578739       
394.588262        247.000000        0.597523       
405.684936        251.000000        0.616275       
416.921676        255.000000        0.634987       
428.296658        259.000000        0.653655       
439.808041        263.000000        0.672274       
451.453967        267.000000        0.690839       
463.232564        271.000000        0.709345       
475.141938        275.000000        0.727789       
487.180182        279.000000        0.746166       
499.345370        283.000000        0.764471       
511.635559        287.000000        0.782702       
524.048789        291.000000        0.800855       
536.583083        295.000000        0.818926       
549.236448        299.000000        0.836911       
562.006874        303.000000        0.854808       
574.892333        307.000000        0.872613       
587.890783        311.000000        0.890324       
601.000163        315.000000        0.907937       
614.218399        319.000000        0.925450       
627.543400        323.000000        0.942859       
640.973059        327.000000        0.960162       
654.505253        331.000000        0.977357       
668.137847        335.000000        0.994441       
681.868688        339.000000        1.011412       
695.695610        343.000000        1.028267       
709.616433        347.000000        1.045004       
723.628962        351.000000        1.061621       
737.730989        355.000000        1.078115       
751.920292        359.000000        1.094485       
766.194638        363.000000        1.110729       
780.551779        367.000000        1.126844       
794.989456        371.000000        1.142829       
809.505395        375.000000        1.158681       
824.097315        379.000000        1.174399       
838.762920        383.000000        1.189982       
853.499903        387.000000        1.205426       
868.305948        391.000000        1.220731       
883.178727        395.000000        1.235896       
898.115903        399.000000        1.250917       
913.115128        403.000000        1.265794       
928.174046        407.000000        1.280526       
943.290290        411.000000        1.295110       
958.461485        415.000000        1.309546       
973.685250        419.000000        1.323831       
988.959193        423.000000        1.337965       
1004.280914       427.000000        1.351946       
1019.648009       431.000000        1.365773       
1035.058064       435.000000        1.379444       
1050.508660       439.000000        1.392958       
1065.997371       443.000000        1.406315       
1081.521766       447.000000        1.419512       
1097.079407       451.000000        1.432549       
1112.667853       455.000000        1.445424       
1128.284656       459.000000        1.458137       
1143.927366       463.000000        1.470685       
1159.593527       467.000000        1.483070       
1175.280681       471.000000        1.495288       
1190.986366       475.000000        1.507340       
1206.708117       479.000000        1.519224       
1222.443466       483.000000        1.530939       
1238.189945       487.000000        1.542484       
1253.945083       491.000000        1.553860       
1269.706407       495.000000        1.565063       
1285.471443       499.000000        1.576095       
1301.237719       503.000000        1.586954       
1317.002759       507.000000        1.597639       
1332.764091       511.000000        1.608149       
1348.519241       515.000000        1.618484       
1364.265736       519.000000        1.628643       
1380.001105       523.000000        1.638625       
1395.722880       527.000000        1.648431       
1411.428593       531.000000        1.658058       
1427.115780       535.000000        1.667506       
1442.781978       539.000000        1.676775       
1458.424730       543.000000        1.685865       
1474.041579       547.000000        1.694774       
1489.630075       551.000000        1.703503       
1505.187772       555.000000        1.712050       
1520.712228       559.000000        1.720415       
1536.201005       563.000000        1.728599       
1551.651672       567.000000        1.736599       
1567.061804       571.000000        1.744416       
1582.428982       575.000000        1.752050       
1597.750793       579.000000        1.759501       
1613.024832       583.000000        1.766766       
1628.248699       587.000000        1.773848       
1643.420004       591.000000        1.780745       
1658.536365       595.000000        1.787456       
1673.595407       599.000000        1.793982       
1688.594765       603.000000        1.800323       
1703.532083       607.000000        1.806478       
1718.405013       611.000000        1.812447       
1733.211219       615.000000        1.818230       
1747.948373       619.000000        1.823826       
1762.614160       623.000000        1.829236       
1777.206273       627.000000        1.834460       
1791.722419       631.000000        1.839497       
1806.160314       635.000000        1.844347       
1820.517688       639.000000        1.849010       
1834.792282       643.000000        1.853487       
1848.981849       647.000000        1.857777       
1863.084157       651.000000        1.861880       
1877.096984       655.000000        1.865797       
1891.018125       659.000000        1.869527       
1904.845386       663.000000        1.873070       
1918.576589       667.000000        1.876427       
1932.209568       671.000000        1.879597       
1945.742173       675.000000        1.882581       
1959.172271       679.000000        1.885379       
1972.497740       683.000000        1.887991       
1985.716477       687.000000        1.890417       
1998.826393       691.000000        1.892658       
2011.825415       695.000000        1.894713       
2024.711488       699.000000        1.896583       
2037.482570       703.000000        1.898268       
2050.136640       707.000000        1.899769       
2062.671691       711.000000        1.901085       
2075.085733       715.000000        1.902218       
2087.376795       719.000000        1.903167       
2099.542923       723.000000        1.903932       
2111.582178       727.000000        1.904515       
2123.492644       731.000000        1.904915       
2135.272417       735.000000        1.905133       
2146.919616       739.000000        1.905169       
2158.432374       743.000000        1.905023       
2169.808845       747.000000        1.904697       
2181.047199       751.000000        1.904191       
2192.145626       755.000000        1.903504       
2203.102332       759.000000        1.902638       
2213.915543       763.000000        1.901593       
2224.583501       767.000000        1.900370       
2235.104466       771.000000        1.898968       
2245.476717       775.000000        1.897389       
2255.698547       779.000000        1.895634       
2265.768268       783.000000        1.893701       
2275.684207       787.000000        1.891594       
2285.444708       791.000000        1.889311       
2295.048127       795.000000        1.886853       
2304.492837       799.000000        1.884221       
2313.777223       803.000000        1.881416       
2322.899682       807.000000        1.878438       
2331.858621       811.000000        1.875288       
2340.652457       815.000000        1.871966       
2349.279613       819.000000        1.868473       
2357.738519       823.000000        1.864810       
2366.027605       827.000000        1.860977       
2374.145303       831.000000        1.856974       
2382.090039       835.000000        1.852802       
2389.860231       839.000000        1.848463       
2397.454286       843.000000        1.843955       
2404.870590       847.000000        1.839281       
2412.107504       851.000000        1.834439       
2419.163353       855.000000        1.829431       
2426.036420       859.000000        1.824257       
2432.724928       863.000000        1.818916       
2439.227032       867.000000        1.813411       
2445.540795       871.000000        1.807739       
2451.664164       875.000000        1.801902       
2457.594950       879.000000        1.795899       
2463.330779       883.000000        1.789729       
2468.869059       887.000000        1.783392       
2474.206906       891.000000        1.776888       
2479.341075       895.000000        1.770213       
2484.267846       899.000000        1.763368       
2488.982873       903.000000        1.756349       
2493.480978       907.000000        1.749152       
2497.755831       911.000000        1.741774       
2501.799478       915.000000        1.734207       
2505.601554       919.000000        1.726443       
2509.147922       923.000000        1.718470       
2512.418010       927.000000        1.710268       
2515.378921       931.000000        1.701803       
2517.978531       935.000000        1.693025       
2520.245045       939.000000        1.683967       
2522.563256       943.000000        1.675041       
2525.261745       947.000000        1.666591       
2528.345881       951.000000        1.658618       
2531.782539       955.000000        1.651081       
2535.561256       959.000000        1.643964       
2539.686752       963.000000        1.637266       
2544.175404       967.000000        1.630998       
2549.055161       971.000000        1.625186       
2554.367833       975.000000        1.619864       
2560.174177       979.000000        1.615091       
2566.563754       983.000000        1.610950       
2573.674733       987.000000        1.607573       
2581.738497       991.000000        1.605185       
2591.202407       995.000000        1.604224       
2603.225556       999.000000        1.605831       
