2.999226          3.000000          0.000258       
6.996130          7.000000          0.000553       
10.990555         11.000000         0.000859       
14.982498         15.000000         0.001167       
18.971958         19.000000         0.001476       
22.958931         23.000000         0.001786       
26.943416         27.000000         0.002096       
30.925410         31.000000         0.002406       
34.904911         35.000000         0.002717       
38.881916         39.000000         0.003028       
42.856423         43.000000         0.003339       
46.828430         47.000000         0.003650       
50.797934         51.000000         0.003962       
54.764933         55.000000         0.004274       
58.729425         59.000000         0.004586       
62.691407         63.000000         0.004898       
66.650877         67.000000         0.005211       
70.607838         71.000000         0.005523       
74.562342         75.000000         0.005835       
78.514767         79.000000         0.006142       
82.467283         83.000000         0.006418       
86.429079         87.000000         0.006562       
90.427718         91.000000         0.006289       
94.517948         95.000000         0.005074       
98.767802         99.000000         0.002345       
103.228200        103.000000        0.002216       
107.920157        107.000000        0.008600       
112.844303        111.000000        0.016615       
117.993284        115.000000        0.026029       
123.358292        119.000000        0.036624       
128.931276        123.000000        0.048222       
134.705364        127.000000        0.060672       
140.674749        131.000000        0.073853       
146.834466        135.000000        0.087663       
153.180195        139.000000        0.102016       
159.708102        143.000000        0.116840       
166.414719        147.000000        0.132073       
173.296859        151.000000        0.147661       
180.351544        155.000000        0.163558       
187.575957        159.000000        0.179723       
194.967407        163.000000        0.196119       
202.523292        167.000000        0.212714       
210.241083        171.000000        0.229480       
218.118301        175.000000        0.246390       
226.152508        179.000000        0.263422       
234.341288        183.000000        0.280553       
242.682244        187.000000        0.297766       
251.172988        191.000000        0.315042       
259.811136        195.000000        0.332365       
268.594300        199.000000        0.349720       
277.520089        203.000000        0.367094       
286.586101        207.000000        0.384474       
295.789924        211.000000        0.401848       
305.129130        215.000000        0.419205       
314.601276        219.000000        0.436536       
324.203903        223.000000        0.453829       
333.934532        227.000000        0.471077       
343.790665        231.000000        0.488271       
353.769784        235.000000        0.505403       
363.869352        239.000000        0.522466       
374.086808        243.000000        0.539452       
384.419572        247.000000        0.556355       
394.865042        251.000000        0.573167       
405.420595        255.000000        0.589885       
416.083587        259.000000        0.606500       
426.851350        263.000000        0.623009       
437.721198        267.000000        0.639405       
448.690424        271.000000        0.655684       
459.756298        275.000000        0.671841       
470.916071        279.000000        0.687871       
482.166976        283.000000        0.703770       
493.506224        287.000000        0.719534       
504.931007        291.000000        0.735158       
516.438501        295.000000        0.750639       
528.025861        299.000000        0.765973       
539.690226        303.000000        0.781156       
551.428717        307.000000        0.796185       
563.238440        311.000000        0.811056       
575.116484        315.000000        0.825767       
587.059922        319.000000        0.840313       
599.065814        323.000000        0.854693       
611.131205        327.000000        0.868903       
623.253127        331.000000        0.882940       
635.428597        335.000000        0.896802       
647.654623        339.000000        0.910486       
659.928199        343.000000        0.923989       
672.246311        347.000000        0.937309       
684.605930        351.000000        0.950444       
697.004023        355.000000        0.963392       
709.437544        359.000000        0.976149       
721.903440        363.000000        0.988715       
734.398653        367.000000        1.001086       
746.920114        371.000000        1.013262       
759.464751        375.000000        1.025239       
772.029485        379.000000        1.037017       
784.611234        383.000000        1.048593       
797.206912        387.000000        1.059966       
809.813426        391.000000        1.071134       
822.427687        395.000000        1.082095       
835.046598        399.000000        1.092849       
847.667065        403.000000        1.103392       
860.285992        407.000000        1.113725       
872.900284        411.000000        1.123845       
885.506846        415.000000        1.133751       
898.102587        419.000000        1.143443       
910.684416        423.000000        1.152918       
923.249247        427.000000        1.162176       
935.793998        431.000000        1.171216       
948.315591        435.000000        1.180036       
960.810953        439.000000        1.188635       
973.277019        443.000000        1.197014       
985.710729        447.000000        1.205169       
998.109030        451.000000        1.213102       
1010.468881       455.000000        1.220811       
1022.787246       459.000000        1.228295       
1035.061100       463.000000        1.235553       
1047.287428       467.000000        1.242585       
1059.463228       471.000000        1.249391       
1071.585507       475.000000        1.255969       
1083.651286       479.000000        1.262320       
1095.657599       483.000000        1.268442       
1107.601491       487.000000        1.274336       
1119.480027       491.000000        1.280000       
1131.290280       495.000000        1.285435       
1143.029345       499.000000        1.290640       
1154.694329       503.000000        1.295615       
1166.282357       507.000000        1.300360       
1177.790572       511.000000        1.304874       
1189.216135       515.000000        1.309158       
1200.556225       519.000000        1.313210       
1211.808039       523.000000        1.317033       
1222.968796       527.000000        1.320624       
1234.035734       531.000000        1.323984       
1245.006110       535.000000        1.327114       
1255.877206       539.000000        1.330013       
1266.646321       543.000000        1.332682       
1277.310780       547.000000        1.335120       
1287.867926       551.000000        1.337328       
1298.315129       555.000000        1.339307       
1308.649779       559.000000        1.341055       
1318.869290       563.000000        1.342574       
1328.971099       567.000000        1.343864       
1338.952668       571.000000        1.344926       
1348.811480       575.000000        1.345759       
1358.545045       579.000000        1.346364       
1368.150893       583.000000        1.346743       
1377.626581       587.000000        1.346894       
1386.969685       591.000000        1.346818       
1396.177808       595.000000        1.346517       
1405.248572       599.000000        1.345991       
1414.179624       603.000000        1.345240       
1422.968628       607.000000        1.344265       
1431.613270       611.000000        1.343066       
1440.111254       615.000000        1.341644       
1448.460302       619.000000        1.340000       
1456.658150       623.000000        1.338135       
1464.702546       627.000000        1.336049       
1472.591250       631.000000        1.333742       
1480.322027       635.000000        1.331216       
1487.892647       639.000000        1.328470       
1495.300876       643.000000        1.325507       
1502.544474       647.000000        1.322325       
1509.621188       651.000000        1.318927       
1516.528739       655.000000        1.315311       
1523.264820       659.000000        1.311479       
1529.827076       663.000000        1.307431       
1536.213096       667.000000        1.303168       
1542.420390       671.000000        1.298689       
1548.446366       675.000000        1.293995       
1554.288307       679.000000        1.289084       
1559.943327       683.000000        1.283958       
1565.408331       687.000000        1.278615       
1570.679948       691.000000        1.273053       
1575.754457       695.000000        1.267273       
1580.627674       699.000000        1.261270       
1585.294801       703.000000        1.255042       
1589.750215       707.000000        1.248586       
1593.987149       711.000000        1.241895       
1597.997212       715.000000        1.234961       
1601.769593       719.000000        1.227774       
1605.289679       723.000000        1.220318       
1608.536337       727.000000        1.212567       
1611.475903       731.000000        1.204481       
1614.055873       735.000000        1.195994       
1616.311416       739.000000        1.187160       
1618.633387       743.000000        1.178511       
1621.336867       747.000000        1.170464       
1624.422766       751.000000        1.163013       
1627.858805       755.000000        1.156104       
1631.635134       759.000000        1.149717       
1635.756827       763.000000        1.143849       
1640.240498       767.000000        1.138514       
1645.114282       771.000000        1.133741       
1650.420146       775.000000        1.129574       
1656.218997       779.000000        1.126083       
1662.600549       783.000000        1.123372       
1669.703146       787.000000        1.121605       
1677.758391       791.000000        1.121060       
1687.213968       795.000000        1.122282       
1699.229574       799.000000        1.126695       
